10918
9402
4996
7045
9149
27995
4409
14103
31348
21438
136
12359
23257
30605
29748
19961
23739
20758
6269
1941
22704
32219
18379
6772
27115
13180
26209
239
2521
5470
32610
18504
5716
25450
24343
9631
29677
29330
14838
32712
26192
27599
13068
11079
7921
4183
32572
25016
13508
9257
18814
23241
24535
13303
21474
1611
22108
21608
22885
5582
17169
623
16608
13730
27613
22624
21222
14244
23443
10198
2825
6074
29818
31211
15419
8498
21599
15642
4169
19855
1233
17830
29197
551
10155
6092
8202
22979
1240
23258
2295
5592
5708
491
9310
2887
10275
11061
24075
19127
18496
14503
381
8323
19831
22069
23588
7329
23233
25533
12653
6635
1037
2609
20121
30860
11367
19774
18968
7740
10082
12137
10334
3336
14430
22289
18806
18527
24369
2298
29228
28075
16724
24905
10313
20685
24658
13196
24918
12733
4964
25496
8842
25952
11701
17386
22960
31674
17178
17326
20330
28991
11405
30644
29495
8965
16093
23891
27868
29115
5835
7540
5362
21217
1850
11226
23542
18544
15053
28368
22319
6584
28852
18844
32263
15719
24560
25940
13793
25970
14527
17327
5805
30396
1592
13268
8639
22914
27313
11345
25500
4505
29203
1204
14643
10845
18498
31180
10284
31884
490
16618
13639
20803
26358
8813
9138
15038
28439
18423
22513
11345
16851
22556
16179
490
26773
20094
15193
18674
1017
636
3855
26564
29932
21828
31593
5121
31899
26734
13405
16853
10598
8743
4119
14044
25744
19381
25129
1500
31961
32371
24489
7037
24657
6296
16962
31044
20092
775
18045
5583
16482
14263
25774
15419
14671
25698
1076
10180
6606
9992
6336
24053
12762
14855
18063
991
12016
8618
7860
28022
23151
9871
30066
27361
2425
798
16695
1371
6676
13815
20584
6518
19026
3500
20816
22811
4992
18996
10439
6876
21184
20919
4148
4514
21804
2394
32163
7391
20348
29621
6590
23289
641
2777
7359
10152
21267
11886
9272
17722
27300
20112
19647
29662
22537
1364
32448
32735
26201
7987
26195
12006
30217
25502
6168
5540
31940
19386
3573
10408
24804
2192
14742
935
27490
10480
26679
22596
26529
18837
22838
21961
12743
28336
4166
31566
12716
21356
9817
875
32170
12517
27998
27446
4597
6150
15878
5195
31344
12261
1974
17021
25112
6193
16824
28170
20694
26502
8883
25380
22941
6544
26195
7302
7825
12575
21185
1322
9990
20583
10510
18490
16579
26649
31786
20107
11805
13174
24259
15463
30565
3802
1067
24506
17381
13876
7466
30344
30842
25426
26415
12435
31687
2023
27294
25887
25578
5365
20306
1567
26169
7180
27922
7321
25361
15683
26389
2384
22143
17780
18628
25118
13263
13890
10747
13835
14781
17833
29742
23616
26173
15851
9377
2406
7065
14814
15912
21842
32215
24467
29128
18702
13823
5719
32153
22995
61
4677
22116
31286
11187
32124
2270
8714
15101
30807
32153
19894
12220
18287
30749
20965
5137
8240
21601
31132
20051
17216
26134
18984
26120
16014
4395
22584
16500
17271
16032
21264
22233
14685
26667
23481
8083
25264
7208
16449
5752
4690
30740
11116
16628
30881
29075
28786
30654
17466
15097
13615
24302
25920
12786
17432
6485
17820
30229
17198
6790
20940
20358
20138
25099
27489
26073
14672
24905
21746
10235
18109
20339
17169
5482
32057
29918
14968
19979
9911
19252
20778
22114
12069
6616
25340
7007
12874
31889
4178
911
5529
436
11211
21409
15385
8928
1740
11478
2406
25985
23904
5195
1446
24770
21735
13155
27785
12482
16576
10379
14248
4036
145
1543
7104
25814
9802
4408
22112
28546
32629
9324
7954
31118
24304
23155
13763
1115
20609
24874
27251
4290
26499
4143
18882
23593
9590
11011
29232
28801
25101
8044
19263
2439
4853
23462
25938
13455
16551
3566
2565
13239
21853
14364
32708
6096
12871
5961
18849
9364
762
4182
19960
443
20397
32505
28089
20062
1339
4446
15726
5932
25776
17701
2491
28982
21452
17228
10585
23784
32305
15094
19508
8399
20741
4650
11686
13858
12257
20582
18332
13031
4747
6288
21358
30132
22312
20007
13261
14567
6304
20314
6513
24260
1987
18909
9928
3210
9176
18637
5728
2949
26939
29115
26439
32607
30936
16922
4745
21578
7865
3524
2050
11566
8719
26317
6226
24547
3226
6338
163
13207
12602
9856
1879
14867
18883
15678
27833
9273
15444
8206
7039
13817
8804
5340
18157
23510
6801
29899
29779
16309
183
27958
13426
23782
32014
7864
2559
31359
25099
23638
30287
9916
15062
26522
28763
21299
32680
25075
1196
5505
15606
6670
21286
21643
9492
22805
31001
25846
14395
15311
16344
16534
16724
29590
2388
2510
26555
15472
22319
30759
5238
7983
8185
2167
25753
14083
5919
16930
29112
28526
15528
18965
21523
29492
16377
16283
15799
1747
1650
24827
12746
31391
27657
20
13899
1240
5202
1635
26151
2212
5599
8012
18342
32695
24120
10980
4901
15052
6260
12524
28081
25933
26683
23248
10870
20394
15989
10789
7551
7090
17951
32376
18790
26915
5643
21813
29942
1582
22973
20257
13157
20252
19416
16430
9917
17401
10827
15075
25721
12225
27059
19004
20505
26084
9770
9364
28248
957
24801
18002
24790
30279
28198
20263
15398
17693
13293
12670
29119
4470
29494
13595
17278
9987
28244
10584
18473
19272
25803
14484
25767
14464
5714
5695
20492
2824
23315
16931
5720
9825
9729
9814
13019
5053
9513
9457
15101
17783
12428
28320
30407
7903
10451
21655
433
12418
21790
796
14292
29400
2712
31777
30870
24332
31811
5693
21750
13489
11955
27
11275
21030
444
28560
20977
30176
10132
7204
23223
306
20389
4320
13357
20241
16525
21085
20962
5205
1506
10182
28334
21416
17603
5695
32630
30969
11938
7723
10904
12658
20466
16473
32604
24371
10393
20231
3602
6252
106
10895
14377
6729
18894
19537
4058
22129
16939
12000
28448
12609
12166
25135
6912
4369
31513
8804
12809
13515
13369
9722
18544
18056
739
14115
8614
5433
11437
13681
26658
8626
19336
19009
6271
27581
19908
8968
8837
18908
2780
30498
19901
6614
25225
1507
7758
25
6166
2360
7260
32104
15857
23414
772
23796
31862
6945
3902
30818
28882
10868
10018
9337
12505
28912
5224
2486
27989
26795
26506
23098
9796
3870
8027
20989
3469
9937
19713
23676
32357
22901
30672
13522
28262
31880
29106
25598
19397
3775
6638
4370
25947
14517
9537
6720
24606
29925
7703
19109
1974
1658
25930
22557
23802
15826
28967
16848
25424
23539
31206
7016
24260
23345
9435
30301
397
9293
19812
10991
21981
15227
9427
4613
30012
28575
20401
27355
25804
479
29327
30162
27412
20266
2821
10357
7650
1884
2399
29308
9836
12472
11621
3282
5061
15558
7001
9420
20230
13301
7350
1314
30593
16521
30721
504
4514
14750
11987
32199
2462
6740
15993
20289
3211
22861
19080
1040
26764
8563
32467
11889
16951
2427
6401
26020
30120
13804
18446
13420
28959
17687
15617
24410
11131
18229
9148
7056
24649
8306
2930
13290
21934
11088
7120
4045
2485
18636
20345
18113
10428
5483
9178
28240
4171
10685
10999
29214
23369
15935
18101
14512
27647
14438
26912
9102
5928
24362
3274
20672
9254
8973
15699
23793
23889
6996
22994
27662
25949
11461
29295
21555
22854
5220
3281
2871
6243
8247
23523
18533
31680
23968
6768
16260
20471
4656
6184
11545
1456
11640
22494
3473
15509
8127
7716
9625
17536
25413
20295
11314
11504
18792
22845
26002
11550
4184
6573
12883
31820
8790
27826
29299
26178
29169
9303
1377
25816
1175
25046
9025
30813
18430
20312
23852
300
29800
10113
26227
23771
8688
26606
19871
8544
2903
11384
23365
25075
5528
5647
10021
19962
11736
31921
3086
8145
17914
23415
22656
3788
12313
16373
23812
6668
11533
21248
12347
4098
22332
31914
8007
30789
7995
4535
2870
20840
26737
26082
31441
27130
193
1501
12552
20893
12435
22803
6557
14975
4247
19757
29811
27372
22004
6770
25946
24032
32709
2817
28064
7398
16437
32437
14195
23996
9505
25762
2976
19126
24214
5305
20859
22774
5922
18298
15348
31781
20616
32691
14368
19274
3548
19788
6386
21186
1035
17359
18124
4711
11748
32248
22122
24896
12900
25629
30743
5984
3769
19306
5302
14295
21766
23736
17179
25685
29857
10471
5312
29217
17100
7625
17614
22426
12434
19088
24240
4641
27455
6597
20883
16163
18570
31964
28927
23937
28880
21059
6431
19522
18005
30295
8903
13561
21302
414
4048
637
7951
19845
4450
14247
26660
19311
30513
25100
21673
10798
19643
30358
11493
5393
11649
12738
18056
23815
8397
30010
27568
27427
26896
12802
27574
3477
20364
4905
1210
24406
23918
24582
5118
8118
18978
24885
25972
16887
16412
16274
12881
28450
31635
29631
6681
24366
3051
449
30329
25163
2765
29772
29603
1448
17222
23281
27522
6048
18168
16528
15492
16525
22769
24516
3715
11282
23134
24011
31679
16659
24207
2521
9620
27991
18211
7908
11225
9291
143
29613
16449
15680
8600
18277
11812
19401
20307
20618
2962
19366
14376
22262
31980
2283
606
25491
18934
19525
30020
28259
11247
14595
9824
7655
5533
29648
5226
5091
23129
26339
28662
28484
5525
25227
19519
24708
6825
25288
30928
3565
1955
7327
25550
7034
10535
24996
5849
22020
5437
26068
28954
28966
32554
11105
21998
13577
15426
31711
4729
26298
19868
16288
12498
31518
17488
31491
879
7828
8529
22340
26188
31464
9915
12996
7378
22639
22334
21457
7950
20529
7673
27956
22183
15378
15454
14149
20619
8764
19650
8273
21925
5932
4707
12944
31089
6453
8878
7285
19057
25255
30592
6962
11735
21443
110
6756
9713
20190
4681
8859
23980
25769
1396
31003
12672
24629
18865
16147
21129
15853
9753
22682
7687
12667
18925
29989
17438
6519
21484
25786
27423
27876
32034
29711
23927
29226
8992
28339
27141
23743
17748
25026
7382
15485
1432
22691
27345
3589
2083
18270
4150
12944
31623
23662
7458
10310
9534
22804
6404
28291
15452
12529
21246
11577
6335
15145
32454
3931
29852
30790
23014
11913
16197
12459
10603
14871
3971
5514
11963
2866
3633
18741
24724
13744
23683
27935
17041
29781
20408
10421
23732
9982
24681
30919
30044
30215
26725
31393
4284
12881
6474
14017
24303
28019
25465
5813
3627
13870
4496
23696
19563
1104
16052
27349
23961
11702
27350
9323
2087
9613
21359
8958
18277
1544
4195
18565
2849
25053
6989
25623
20406
8220
28659
25091
23269
2815
20178
24435
20581
25432
19490
11007
11530
8751
9600
6310
22028
8045
11141
32496
30910
5888
11210
22112
28010
9871
14152
18177
9065
14812
14668
15715
19657
3356
12626
20636
20572
21349
19683
32347
32050
30881
11364
9031
28289
21829
30923
23573
7405
5176
14619
19832
6876
6960
28520
30549
8161
1600
4837
19558
3419
27002
24712
1738
23953
30572
13629
26912
18308
16954
32409
14217
14787
8005
7917
15558
12760
27114
14032
19413
27900
8202
19690
22
1293
9508
22143
25515
5435
481
312
2001
1727
7010
14731
25938
26930
9722
25599
11966
30460
26548
29570
25479
3247
27766
32106
19856
24736
27835
6720
1495
5839
15066
19425
19026
28086
21161
2369
11898
2541
6642
14022
17461
29659
16848
12664
8265
17166
11428
24203
17809
16233
32259
12405
1192
11544
23641
14494
31142
11258
29514
7181
32544
25835
7073
3399
11677
4915
15400
22504
3067
19106
31866
11314
22857
4597
31036
22880
18827
27486
3887
26623
9939
11648
1808
13200
25720
25355
29718
8776
10798
30815
30030
16106
4537
395
32410
15361
13669
8454
6144
31818
23262
11643
27294
25914
15753
5367
1960
21133
22302
16762
20984
7488
11158
27557
16371
26468
9228
10893
32693
1370
8435
11910
25293
22469
31059
1996
9251
18554
15619
13267
25763
8964
7950
14336
15217
13126
26827
24938
28519
19145
18499
2814
26456
8776
17430
17849
4922
28862
7083
24399
9552
3651
563
19446
8719
5369
31155
27376
14962
31981
3307
6026
7154
11883
19046
11496
26486
32402
9237
29362
17887
21602
16454
32600
3630
28190
26320
2343
2677
5198
29721
3107
28787
12472
13607
22917
31420
23227
26976
30478
31537
19208
29646
11050
27939
982
20681
18722
19549
4345
16519
11393
23344
25971
8486
26659
11085
29259
7429
32343
5877
15420
20773
11488
20276
27164
11912
28401
21823
31426
30525
1845
11435
10721
3548
30833
26429
5830
22136
2910
32035
6803
18756
23742
21636
26816
24753
22890
13826
5327
3205
4629
20828
18908
4468
8509
15806
9790
23502
15579
31146
28993
1025
13503
42
18859
13266
3782
4043
21105
29184
14332
28500
13957
32763
5539
31318
10029
13566
8816
9035
30190
15276
13651
22929
28844
5364
10336
30861
21905
3158
22522
25990
29493
3948
7066
19585
22255
1235
6227
20577
20597
21126
5591
8946
22485
2551
26627
21628
27509
28405
22813
26175
24277
14012
29949
17419
23695
14450
26
2205
17038
6659
30162
29686
6392
24017
32617
30128
14857
20419
3401
22655
11741
31201
14382
22269
2770
1254
28893
19226
13350
31610
21184
29991
3690
3930
28014
1505
24921
7235
3556
6872
13976
30448
18064
22709
30660
21829
23653
18588
17175
8348
14104
6782
28958
22713
20719
18485
8669
21244
14422
15406
20989
3915
23635
1552
23272
19549
3705
7733
14102
23469
31521
28534
30733
18145
31961
4640
11706
19665
14702
16617
19685
12713
15535
1807
18996
32185
10011
28633
23041
9041
4704
26076
29081
15559
7199
8650
17315
18331
17989
8372
30934
14565
13530
4230
25271
17590
24643
31327
23825
25893
25914
25829
26722
10762
8541
5407
24049
122
5098
26665
16878
27996
26749
23313
671
19250
20754
24763
14572
11860
2058
8355
529
6726
19535
21888
29990
15353
3085
32323
2406
20489
28277
16601
11363
11936
20383
3054
12287
20656
12002
15706
12809
26015
21499
19936
15158
31864
27955
9631
22590
24890
26265
15247
25713
1107
17458
18618
9830
30931
13277
1548
28443
8672
13691
2202
13879
239
13015
8176
18349
22416
8469
31104
10796
18190
15992
29582
25233
28962
30625
30537
14983
30950
27907
24258
2961
14285
12791
21413
19898
14402
26478
16310
21560
17620
22885
2195
9235
21621
13572
28795
24006
3731
7932
9758
7962
24464
16986
25869
29408
17603
1703
5936
20899
493
18665
24728
28636
30671
9460
32369
16866
17044
27548
16637
12177
1186
27458
27141
27237
2848
24644
28698
6666
25801
2487
25282
6227
3278
11050
17154
13424
30559
10425
15618
12083
14305
2111
27763
2328
24669
27378
25602
5498
14016
23356
14590
17833
22856
12013
21509
28412
12570
6811
3649
237
4016
27992
17931
7950
11356
25930
13679
1927
24444
3304
30627
24605
25420
16360
25800
15234
27619
25035
17232
17486
17328
4709
9566
8969
27922
32034
5955
4735
7512
18542
24193
21466
28839
1383
30589
3071
13989
23995
2685
9004
24682
21230
24894
16338
12466
29473
17239
819
20924
18767
22338
693
24666
25649
1014
24342
13112
2939
14753
25936
26919
7533
635
749
12888
10908
17220
25508
16968
24960
12940
24381
31236
5837
29700
3212
4507
32434
4548
3625
27519
8997
21466
23423
24851
4183
4874
21423
26132
5428
20153
11465
9699
16003
22025
1155
18015
13217
17801
11285
31063
24912
2995
1931
9491
24133
18444
6759
10209
28570
22657
26495
21640
30602
2748
20620
27667
26220
29570
22480
9700
23058
24813
27629
19633
3866
29084
11996
21367
30508
1753
4785
11248
18325
32300
24934
10694
46
31279
12045
21780
28954
26920
7436
25789
2551
25400
19749
10624
28692
7896
8670
12959
23229
12424
28837
22716
12297
20838
27906
11157
1337
28615
28297
716
20987
20518
2140
29270
15818
32710
24369
20448
11529
18023
3070
10852
27687
15927
21230
4410
13690
14307
29594
25538
3091
27733
5321
32041
4417
3270
32110
5036
361
22641
30043
31745
1936
30829
15262
28669
17524
5718
18176
30834
27642
10281
565
24603
20967
26169
9579
19591
5440
17900
29391
13554
3209
14802
24927
11857
23859
15649
31053
26153
29629
16817
11429
23168
16149
15221
32056
9474
3781
16587
32400
13633
18195
20185
2867
11409
18038
26767
16386
14716
30629
803
28074
5043
25916
1017
28830
3979
24849
2053
9000
15416
23188
490
22451
9252
32386
11677
3412
24087
10827
19231
6806
10647
985
6190
4584
17261
22504
2738
5728
3557
8205
14691
25667
16050
28108
12736
9982
5504
17529
31785
1865
17024
27404
23847
21505
14450
26788
3396
21333
28105
6523
545
12050
21801
18847
31603
16274
2376
12812
23326
28627
11757
22106
17721
31465
14854
27131
13877
27625
6914
19236
5348
19292
1731
9433
8887
17090
11230
25257
29057
3502
26643
5150
13971
7937
4516
20661
24628
13809
9316
28918
16070
18865
17007
25667
23672
3634
30569
31472
17097
14664
25308
18039
26386
5539
23231
20951
8949
17859
10747
6459
27878
28615
13075
26927
20185
2027
24735
12914
11573
708
6876
32140
3647
1153
10536
28169
15435
12338
1758
11806
21628
7082
1741
4384
30665
9098
29766
30831
3125
3919
21226
13022
14422
21842
4999
14528
252
26055
19811
16785
3512
17414
25252
2838
32663
11849
12251
3784
16936
2767
27848
230
5439
989
11807
30366
31825
6585
20470
30954
9593
8545
20071
21986
7070
26456
2614
16198
30222
29337
4820
20140
11116
9657
18138
13031
17354
12831
31365
31944
18118
30717
6553
25713
18247
1603
31861
6397
24720
20773
14992
28441
32022
31827
1744
30758
5274
31040
1671
12177
30718
1619
18486
1238
28239
15919
8115
2811
4091
27167
16930
17572
11852
3451
32302
24856
23554
8543
27244
13181
14143
20862
9156
18594
3156
4090
32016
32531
20698
29066
13502
13580
4240
17539
21883
2621
31900
15267
2214
31168
21777
1009
25394
19034
24555
19704
16227
15482
10317
5884
11941
25664
26622
28620
4892
20140
32655
22911
17164
20561
23237
17407
11427
32724
5731
32698
15914
4115
5674
18024
32601
5849
32142
8838
1542
3355
1564
29343
4669
28609
21419
10406
6736
19421
28459
21754
22003
28262
25079
790
17761
10056
15790
12617
11578
11401
26623
11102
1630
18152
31352
8729
30787
22171
2938
14360
28568
30353
20790
19359
17808
27001
13330
9700
21976
968
19350
12149
6706
12444
8089
4694
6752
21075
9396
4796
25715
17725
22482
17418
17313
21783
9213
10882
25239
21290
8818
18175
17045
12998
13688
497
16593
21902
22919
29465
30416
20168
22722
8844
17912
21557
30604
15898
11181
24539
5638
27792
30273
7120
7758
19327
21240
4033
26357
28074
29845
20284
14113
1336
16579
9649
18038
26065
14888
26887
28850
14223
32718
9279
6906
7169
609
23511
11308
9220
23057
29792
10951
19432
22335
727
14388
6971
5136
31573
7118
15537
19468
17784
3403
21386
10173
13770
25196
6964
30358
16175
1191
26514
15538
9158
31129
3057
27440
25931
19627
18386
8172
1167
5100
5063
13851
14499
5986
1267
24854
19517
22244
17788
25297
10349
17782
4498
21247
24979
19263
18850
22962
26487
12135
27689
9172
26097
32374
19185
31977
10039
13882
16574
19470
9166
17069
15350
27790
27296
28110
9614
17425
914
17147
17110
12715
9195
30861
7388
8619
8521
30776
21564
7040
31914
24038
1972
18162
20410
11764
30284
696
24023
25100
19978
26183
28311
4119
28790
29317
31082
20414
6016
17011
30423
30341
18506
1481
16891
5917
21324
19431
12094
27885
5377
26092
2956
20254
15793
26346
22728
6563
20386
20413
7388
10253
12165
6271
17485
17322
6410
27099
19029
5485
3582
3556
18906
19049
7012
10362
28974
12058
16729
29318
20441
3393
20473
2773
27643
31520
4370
12382
20021
9687
29131
11915
25699
26954
22196
31263
7283
22625
2352
9369
28492
24345
24403
10869
15549
32750
26254
14867
27039
16235
7590
6213
23212
1339
906
17350
10692
20647
29034
3811
8291
4527
10950
25582
4269
21360
3384
10124
14587
9314
4617
16142
10973
2358
32146
30238
30126
21564
27543
1486
22889
7468
29033
21767
3739
25433
4766
5729
16495
9907
17815
6272
23570
8954
4703
8435
30234
20047
17333
9154
29815
20786
17717
21388
960
19337
23618
26478
9655
30249
13397
3969
18546
21906
755
24728
11850
20227
24464
4408
1153
31793
231
24764
2590
31881
23903
7682
23896
14967
26270
21802
24832
31937
27770
21653
7165
4273
17433
644
14680
30559
13370
24876
7778
8434
13356
14528
15376
30348
19047
13274
11227
22585
30085
2067
3608
17516
8004
8839
31362
4737
17866
23214
13831
14243
399
4495
8718
6350
1445
13242
18286
28310
22562
14949
23428
17925
7635
16791
10526
15397
10163
31841
17302
19949
18284
30805
8271
4732
7157
9448
13798
6167
3433
28540
26747
23465
9333
1568
2345
15502
16230
29447
18435
22532
24095
963
9050
808
8876
2921
12357
20761
12387
23700
8177
19857
32007
18412
12297
20653
10413
22948
1072
24592
29139
20480
24922
29021
105
32333
23814
32629
21058
2214
5248
12979
26152
5056
5554
32733
26515
6654
24900
24939
32563
13243
31625
19096
24373
21701
5132
5388
5432
21511
6591
9694
11109
8561
2835
11897
20327
11859
254
32751
18731
17038
29379
15656
31469
1511
5137
24472
14500
25764
18439
22573
23029
16227
21598
23613
23175
17695
3566
21817
6456
20785
27318
27500
7698
20800
5706
11300
25203
30029
22920
29198
28115
22057
28429
27837
12963
6805
5024
32210
2393
6964
8303
12034
32102
8260
30399
5799
17203
21426
24264
18581
9800
11033
26175
5669
21416
329
27404
9859
25056
27043
20816
19066
26375
28815
426
4619
19291
15619
26330
9020
20746
31533
32387
14455
19449
17193
29667
13470
2211
32705
5766
29470
1497
24728
3483
14484
436
15013
6090
12777
20057
29098
23780
28346
30167
22484
17178
14684
20282
28655
31087
22548
1434
25786
29341
1322
24435
20914
7953
5609
16240
25100
26997
3199
24779
2856
8014
19642
253
19637
30442
22399
3564
13240
10422
13365
30289
8839
15147
5847
30203
20041
11983
29863
12013
30289
1031
22974
19466
3760
8558
2594
11370
19371
26595
16268
32574
21398
22826
31566
1669
3565
11831
3695
340
10798
13129
30303
3948
29389
14754
8156
5505
14875
32108
19575
13519
7766
20332
12042
922
31712
21928
19831
25869
10581
1313
31485
17671
1279
13845
7332
8653
16411
344
10541
25666
8358
17253
17296
30553
1452
25158
19017
1895
29844
29245
28984
16932
150
17567
10867
25684
7714
25219
23124
2936
26138
9091
27552
23344
3320
9214
10329
30533
2071
23173
21866
26595
3104
30246
6920
24058
3689
12100
12182
30170
31765
17220
26249
11646
32726
31401
27615
15044
15993
22058
26134
8857
32598
23829
1394
16169
30441
1580
1521
2677
24708
3866
18400
122
32332
25812
24954
20818
25819
10824
16075
6268
32123
28979
928
12626
20894
2678
6372
21249
894
4608
2644
12644
18803
22199
15271
5404
19665
6893
23772
24448
18391
28912
30610
14728
23793
27600
31840
4409
29092
23217
16233
16962
27597
6632
32176
4379
25764
11477
26641
16911
12983
24977
18940
21023
29499
16836
23558
28053
26659
9987
28556
20972
31925
1715
11444
12089
10825
5492
28344
29669
10906
18355
18589
9742
28881
25048
14960
5825
22793
1011
9144
1699
933
31820
13306
2362
5502
3008
4531
29298
14283
17214
22818
14432
20086
6550
5062
3683
12367
14310
13410
2006
2525
2909
23269
1281
10364
16345
5597
31820
10287
19240
21306
16678
6556
11326
10788
16121
16237
7237
5279
24697
6162
530
10837
19374
12742
5247
25451
17175
13701
26293
7782
830
3134
26592
23002
21230
31022
12397
7261
2100
7399
4899
28177
31158
18402
3061
30592
4092
10410
388
14793
12619
8339
30547
14667
25728
10383
23681
17989
21023
6941
857
31354
30007
26645
23084
8673
28659
29214
17127
31999
26212
24365
5660
22552
10108
8161
6804
2867
20400
24028
9671
7447
7910
19024
9089
14017
3976
9689
12844
20550
19291
12013
28185
3909
15960
26816
17628
28270
27590
8246
25293
27361
22393
182
22805
24226
1617
30704
22301
25603
27309
6019
1145
21878
3032
21655
14039
23556
28691
3732
19963
1229
16015
18590
12667
23645
19303
3235
7503
29777
2360
15383
20974
18595
13578
18656
28312
1556
17645
27128
20821
8808
25765
25601
7702
17213
18080
2609
19718
1774
14008
1927
26807
26754
17569
21891
28468
30497
8643
3427
10152
19959
9522
3835
26519
383
31803
30294
6581
1498
3760
20867
26860
14806
2873
2786
8751
26986
9545
17488
27660
29820
9437
20138
16569
27589
8218
7023
1090
1122
12220
15895
13129
16699
20938
17866
24269
19795
3282
2820
32275
4595
2942
14762
20744
21166
16378
13356
8898
19718
32265
13149
13372
4417
32757
31476
8513
31385
8703
27545
23095
5754
24147
4142
16957
21681
14155
23930
24232
13617
8046
10743
26475
11089
24473
9674
28111
2046
17695
26619
24493
13324
19363
16744
17292
4337
29117
19549
1607
16967
7075
13743
10845
29819
32351
11744
7183
29189
9778
8180
26826
1462
17098
29929
8085
12185
26902
4718
13190
5559
2190
24898
3078
21044
30422
26003
7855
7154
27117
31076
28500
10983
23727
493
15787
22849
13909
31714
19379
16706
9389
11235
4861
6533
6009
24040
28954
27360
14753
24562
13099
5154
8272
18061
17707
16733
12747
23819
11142
27145
10885
26055
1867
12496
22452
23893
5066
29507
30953
23432
15330
13987
16927
15988
18936
26740
12942
2989
3701
24726
10936
26557
6372
24419
25911
25137
11887
8697
13213
13614
28409
16189
27043
11773
15853
18933
253
5659
1884
11625
19507
24389
13257
410
8125
4264
29921
11642
123
23889
30812
7174
9901
25437
31948
14203
11529
23906
12075
32541
30373
23061
21968
27054
12382
19153
2326
13215
10560
23651
1097
10840
3429
10104
4027
22576
30142
14701
376
7843
