3767
28925
27592
2519
4278
29376
7195
4043
10563
30268
7239
18367
19647
11286
15762
13528
9492
28374
505
9253
27569
32118
7125
4047
31062
29707
27098
26711
1359
5168
1438
27811
8428
31075
22183
9190
18431
16790
27390
29567
4779
8049
5541
15220
24052
6762
24034
3695
11563
30185
4004
11279
27564
2831
21235
21765
14352
5938
10209
9282
13416
2335
25063
20314
18433
23065
14192
20951
23540
9794
21471
25165
29122
10189
26907
29070
30319
26665
21104
12325
23744
19574
22517
19437
29203
8169
22515
23335
3634
19185
30133
17539
17002
1810
30463
12002
32598
15946
23892
1522
15108
2191
29102
21867
6594
18359
31380
11548
1680
16912
20334
26554
16835
29682
26321
31822
5106
19304
19629
19247
31417
28387
4383
21257
3907
18374
2857
26724
78
16022
10089
21439
15450
21751
28676
29638
3503
30973
28505
31469
27554
10558
15771
9955
26812
2864
7827
17562
14927
15276
12590
22613
11592
20303
31242
19903
6918
4816
24345
22600
5148
27844
8495
17206
28270
25479
29585
24978
10767
16542
4273
14804
6333
9115
24570
414
11368
21169
21739
1346
17740
23531
11871
6413
32665
9857
4764
12853
13149
23056
14768
31072
24192
21627
32120
22582
21984
15065
27804
20470
19517
10103
28246
28164
22215
26138
11147
30457
29940
28806
29089
1031
8187
6252
18772
15599
18319
12065
18490
3888
27544
12846
5653
7165
24135
18686
26663
17596
20931
2476
32311
387
17611
10708
22546
11045
14983
27436
11796
4043
9785
7961
10889
14478
5106
27256
9168
30419
14744
9607
383
2882
30377
27025
31741
24025
29983
31184
4723
26124
10087
16925
2039
5330
23861
4330
7980
12372
1481
10655
28292
15312
22258
19976
7322
8245
30622
4749
15916
6957
23718
12653
506
3295
29146
6282
10874
19287
22340
21494
7239
32210
16409
21929
31519
23645
15006
8981
4409
7106
12000
12107
14393
13916
22828
26427
29049
6791
11231
2957
5740
7490
27442
17351
7284
3916
16547
24688
32122
28005
20397
31623
15008
9229
28086
22157
29243
9969
2905
10652
16232
24943
25291
32105
3014
19750
13083
30232
5422
10980
28007
29651
1577
1863
20741
26538
14208
17979
9060
15519
18862
17888
28437
27949
18764
17806
28500
2539
31569
17614
4183
10655
8157
9780
31036
1012
27087
13436
29125
959
12276
26569
21104
26884
15892
12810
19415
14919
22569
2079
23471
30008
23532
1977
9329
9566
28111
11342
27904
15478
5849
10861
24310
15622
20374
10515
21068
29414
19835
31235
10641
29347
20413
28763
6441
15913
13343
27247
4305
3236
26959
8867
19448
31960
21913
12780
18505
20156
10969
18029
2417
1707
16319
29955
14060
18766
14997
6454
11163
16652
1491
13115
3303
8088
28492
13065
12012
11346
23654
9171
11298
10792
6002
6165
14215
29865
195
18730
31091
32591
22037
16301
4926
15468
14533
26107
25816
31401
15686
20876
22305
4798
18644
14799
24454
12637
29830
3214
11147
5288
20697
3566
27041
31658
32202
29535
23687
24485
7840
22186
15429
8200
14274
16985
16026
8079
22608
7110
9210
32613
12445
10751
21384
14456
29005
16481
20266
9423
9660
30616
16772
19845
13881
8988
24796
26196
19727
1147
691
29684
4655
7675
23240
20575
11456
1091
32074
14134
8854
17495
17612
3769
3806
8657
22798
6252
7486
16415
27039
15905
16273
17441
16707
1229
3593
30771
18985
2261
13860
7032
24418
3088
11869
18360
28854
25195
17224
13509
17869
22275
5528
32432
5813
1591
6219
30085
6751
20900
10515
12481
1403
2261
1227
23652
23156
1243
18924
21236
15040
29240
23544
2794
30542
4257
24137
2780
25489
11914
4676
11777
21730
15869
3363
11142
3796
6646
13143
24063
10889
11795
12316
31096
30760
32171
12381
9113
21014
23698
3776
6846
32379
18426
28716
14400
25501
5961
11659
26721
22615
32002
23772
11581
9424
17459
19163
6143
30281
28868
14040
28711
15604
14356
4970
5625
14899
11685
24698
31023
4280
6020
29863
69
18849
21926
13645
11083
24348
1454
18542
24768
20897
22876
200
28535
624
15905
27135
7167
8992
23825
18728
32545
21068
20763
12568
16669
8276
15959
30757
25629
3666
2708
26028
13240
24368
32523
26375
13566
2621
32202
1213
2308
14595
5096
12372
554
4849
31088
12591
26550
4386
2389
25286
4406
11625
3663
23077
17321
28418
21902
19820
12300
4266
3614
25528
8280
7870
31186
9260
22293
15153
22877
11758
20395
20585
16461
15607
5832
26426
15829
27495
10861
21724
25750
4235
9333
9627
25241
29126
8628
24108
27262
2118
4849
20398
4994
28018
14970
16730
4056
23247
820
1607
574
20898
1817
28997
32709
16036
22398
24054
25611
22042
32560
30265
136
14723
13229
25325
14668
8898
1028
3587
13488
5752
11748
29450
29379
5239
6843
22581
9771
11978
8372
17306
17235
10241
12817
14337
12207
9245
23477
28812
24946
2282
24065
18295
29935
29228
4297
2049
2920
8487
32268
4175
17789
7625
943
11145
6275
6446
29066
30623
11757
20618
18091
2294
5885
20112
19018
30852
28763
15695
11396
6102
25413
25306
11067
26334
19057
6719
1643
23922
8671
8216
18379
1638
21120
7059
15330
8836
8920
6046
3222
14501
20019
2699
12089
20158
8336
13652
2799
9650
10084
9600
1328
22614
13398
3686
23162
26696
22325
6654
24349
5472
31400
23148
11307
16360
5212
9113
8207
31351
7285
9685
11872
30494
10640
1033
26679
7619
32000
22712
715
13050
10224
32690
4895
21745
26001
28276
21675
5508
3339
18566
32545
11562
5135
18436
25453
19739
8658
8080
12069
16070
2956
11389
19838
15797
26211
23700
26335
5828
25651
11905
4387
25201
12196
20940
24857
15825
19544
32295
32147
18672
27011
6683
11180
10771
8738
21686
17624
8316
12863
22338
14090
24731
9079
19835
5780
22280
9667
25949
940
3542
31097
21787
7109
27191
10363
14390
14788
18633
6958
198
14733
12593
19575
1088
10421
4159
11222
3064
26218
6698
3321
25280
28528
3054
13950
27261
9860
22052
21008
12821
16571
27537
7283
16287
18134
29022
24616
32306
5031
19087
28230
16171
30019
18469
10906
21556
24562
19164
18265
6773
27659
2577
14770
28466
31475
14003
1148
1137
23463
22544
19817
15803
9423
28391
27609
26519
24290
13896
31877
17459
3059
31642
27154
7364
6536
31591
13690
20373
11622
26363
5480
16783
15400
18510
10174
21946
19370
21840
25591
2177
18743
1781
28059
64
27513
5426
31431
7354
12587
9901
3123
11354
24396
14913
28970
22166
22470
2941
2220
32446
15493
22127
15876
17937
10127
4404
12836
19568
28125
27765
13408
7937
9533
1375
2452
27175
20176
3378
27093
8282
17850
31068
12586
7166
17609
19221
9055
2922
22433
7398
20990
20637
16719
23375
29370
13232
8611
8888
11582
6932
27985
20525
29329
29600
21328
13587
11018
5436
11648
4832
28116
12953
27323
6550
22466
3820
6313
6837
15772
5585
28591
5046
18195
25165
15416
21080
23137
31629
13523
22459
28999
723
27945
32291
32326
23815
8801
29388
185
4733
7079
8848
16814
16603
23238
29562
28062
13651
21304
18575
14341
32073
10115
13407
25452
5296
13905
1085
31412
31603
14287
23450
17468
10154
32268
20798
29619
23736
21286
5926
5137
8728
23249
17659
10572
12587
6934
24466
26642
3727
12973
14682
24571
17760
4364
26722
7502
23491
9466
28815
10836
25135
26649
26747
21029
10504
24061
12265
29571
15009
2714
5393
27233
19790
31443
30872
28349
18441
15680
29508
27164
25142
29220
8487
2052
6952
30364
15690
30602
17730
30428
4179
20043
32518
18703
31382
27867
32335
27764
13443
29609
24791
8527
28380
26725
6696
29552
23150
13181
9792
7532
16868
26411
22704
29962
10868
853
27679
26738
22425
25166
24692
8388
3305
1036
19878
2429
31772
7758
15858
17854
16532
28252
12786
18151
12772
29583
9130
2827
21692
730
11400
9920
30888
16412
22165
969
16099
8375
5994
412
25642
31239
7622
4706
2725
9718
32093
18210
22596
25498
6703
5506
17523
29001
19795
9455
1369
19105
7093
5244
10008
8085
1037
26439
15330
30472
333
5824
12698
30574
5000
30924
13398
27948
1602
3706
19640
13760
2978
16371
26253
13942
7864
2490
16207
28749
12661
5195
492
23759
8175
25955
18838
15380
23601
18538
7398
25802
271
11047
29036
5901
13636
4514
12173
20539
31027
5162
21597
17474
6786
8099
12474
22211
16759
11727
5389
9688
8364
16304
5498
17239
1715
2836
10817
30275
19838
8251
3721
21468
14488
7712
29411
30825
13615
7678
14658
24069
29411
2806
31035
21204
28878
31134
30981
21462
19401
25905
23758
2344
15298
26863
15677
26054
4675
30743
31533
7005
26989
9108
1059
26254
6928
2096
1585
14612
16197
25341
13993
2429
3219
24680
13050
24747
21589
31045
22576
6776
30520
24726
17882
23847
28074
24213
4736
23604
2424
18201
1038
10786
12020
13064
19453
23212
25678
28208
7384
2754
27436
12360
1621
31568
28327
7975
4996
31829
15962
4789
11583
8145
6875
12963
4650
22131
27407
15379
14404
16982
8998
7929
28165
29029
3664
7166
13545
25596
2852
10554
26494
18007
28806
25528
2772
1130
15742
10570
7831
30539
7916
10103
19684
8005
3020
25599
14958
19565
17349
17611
5076
2724
15002
30534
19971
18778
16614
9722
22458
9241
14028
30032
14739
25316
23292
1852
20398
576
12797
24038
14726
30781
17365
6251
7595
26987
10700
661
9861
24178
4691
3363
8885
11330
29212
29610
16771
2466
26292
14067
15395
21185
10145
29635
11913
13506
8941
10016
18752
25433
18326
20809
11266
30568
2763
32312
1414
8521
29485
32201
2948
17220
23330
5137
27177
11412
7618
23054
22430
25018
12009
13857
21352
5888
8481
2963
23826
27492
29116
12823
12478
22582
31943
4679
27897
27989
816
21052
10047
20184
24693
4304
565
28796
23416
16088
4020
2463
8203
25778
8944
3797
21625
7320
12924
20603
17039
19694
13209
65
8599
14195
26323
9084
10332
887
19100
28
7795
19759
21547
11689
3708
19678
8284
11614
4986
2287
9668
21906
10977
31708
6834
24329
15317
18182
2767
28811
27788
16060
19171
7748
3184
6052
21848
17847
14373
15032
7187
16324
16577
16438
13675
31937
23218
31762
6385
24543
16970
18169
7610
2293
29012
18934
11958
21413
23258
6995
30689
11402
12589
26349
16590
23872
29143
24111
6081
17707
5776
4011
11598
32192
18495
9905
27812
9764
9256
24008
21710
24260
17379
15939
25602
9198
2631
18843
10050
31642
29618
27174
29877
14627
5099
24692
11487
31410
29222
10265
10286
20369
9076
18720
13021
27193
12879
4920
4333
9207
26192
11236
10840
21304
23470
20613
11224
23882
31529
19372
8584
5746
28739
27182
4022
3848
20180
31864
18539
14567
11753
27688
18217
4141
15518
8006
32705
28215
2484
12013
12857
6692
24036
16061
8915
16139
5760
25159
2778
29972
8571
2814
23300
29174
8622
989
11936
20343
22929
18562
28092
21156
807
28130
18972
17473
26278
22100
2741
974
17074
17673
9422
28886
12409
15179
21834
8848
29555
956
8136
11206
26968
25950
10096
25176
14403
29652
738
421
17231
30329
17241
3356
8466
4352
24413
8206
11074
29878
24711
22866
16678
990
17502
14086
20858
538
16756
5040
7207
15370
44
17322
14934
11253
24367
21410
31824
12923
1215
17384
18291
6777
2097
17408
3096
8699
20388
491
1606
25951
14363
26320
30069
22905
11570
6675
30102
16316
14549
27544
27312
27035
16952
25232
16353
22767
29671
8539
5670
10057
30582
13307
15418
20007
16085
9646
12086
14652
26586
22938
16274
4252
4742
20271
3442
31614
3640
8495
17362
4502
18438
3912
2373
7422
6387
27555
29195
9139
27401
25416
12329
29187
3876
19951
3758
3429
8074
21768
1211
11792
20587
1592
28499
28292
5816
22398
12072
29660
28382
14974
9906
19398
13185
12141
29845
11013
23669
280
4475
19080
2921
12845
19103
22365
7075
3236
10637
3737
5920
28516
30419
16383
25675
16042
22450
3783
4801
16856
28730
5668
15840
8748
23419
32378
25227
13104
16050
13343
4383
23001
20236
21581
6691
21045
4689
3012
19800
32472
17826
29673
20132
25765
8155
2501
6913
18
20801
5831
9586
23042
17501
29609
14927
7978
27138
564
21531
23032
8440
11317
22043
14492
9492
27095
718
2777
27004
1286
216
27614
25005
15461
23336
18377
20239
11679
31855
24123
27926
4228
20142
28693
11990
6252
5008
23558
21879
8885
14660
2740
29148
21371
20786
30471
928
8078
27670
8115
11927
29837
25571
11328
4617
14293
10822
11771
32449
10747
13777
13412
16023
4765
21440
2867
16390
7307
12397
23248
31425
1148
5841
18760
24917
28468
18064
19943
9685
7110
11265
20460
18024
4466
6161
30682
25748
2745
22263
8306
5739
30470
4734
1851
24075
1618
25349
24676
9800
10334
6402
15461
7737
23513
4926
4895
31988
9027
12279
27121
11547
2692
1204
1247
18177
11920
29094
8855
4511
17185
20003
13186
6964
18867
20364
31965
15041
29105
22516
23078
21013
24466
24774
7006
21400
13051
2017
11748
17565
10612
8869
24443
16557
24537
32438
25023
24804
25502
21961
23173
22077
30878
16503
6451
22918
7589
23226
24340
13059
8370
23549
837
13189
8406
16044
28655
17839
519
27503
26373
7541
20047
24085
7129
16287
3885
5137
7051
20664
25849
22955
522
11310
11622
28247
13669
2937
14616
21714
14366
6893
4124
24940
936
30249
10697
16375
5702
21542
12746
1012
10892
29028
20194
226
28609
24055
328
21866
24299
20683
4708
684
5653
21010
21870
26564
29948
27609
388
12915
18321
22691
12457
28707
23818
16043
31205
4867
6490
2363
30745
7471
13845
17294
3594
23398
23615
6010
23722
10197
7173
19669
14980
7196
23973
26139
828
6865
32147
32679
8082
9020
6480
27174
4554
13603
8763
15851
400
28008
4804
25841
30424
18546
7816
28058
31323
29938
32140
8790
15095
22793
4661
17364
12470
4555
12176
2254
9010
6291
19207
14058
31887
16191
7974
17006
28933
27458
24821
8104
2431
6822
12513
14001
17997
28013
8136
13640
6325
10829
28232
27415
9634
31915
30924
738
26256
14206
27869
1846
2542
20229
27078
24650
8099
25167
7968
17797
16554
21692
28019
30249
3677
25904
4323
25292
30683
26937
23696
32183
30969
20763
8695
16929
14606
11116
24835
20745
23722
2806
19634
22388
6804
2045
26730
27283
12425
620
7097
16498
19741
9455
25934
6092
2013
30143
25091
13826
27428
30424
23192
22293
10388
21304
1377
14531
15556
31583
11288
24684
30602
29683
18722
26021
30278
16252
15642
8923
32508
12279
17384
24018
11303
21543
20977
19936
1936
24753
22709
1997
21217
27592
7088
3115
5227
19200
8960
13892
8746
20929
18615
16781
14075
27446
14824
386
26519
17745
9317
27070
8447
5720
4203
27121
19127
23095
18306
25926
12133
30919
11239
22894
25231
8755
27711
25894
6744
2177
22846
9632
13061
4357
12016
11276
22688
16581
20439
11118
1011
17588
4949
2058
22664
8277
5488
6054
27823
14035
3466
19323
30816
12704
26361
24747
23694
11604
7101
31116
7704
16498
7953
10690
30337
2718
10042
13329
2656
5747
11712
25769
15397
4827
12989
9619
3994
21886
46
27578
19985
25453
31823
20211
31878
21674
19412
10854
19212
2003
9658
29690
7759
32204
10985
20341
9577
23195
19666
11355
19367
11284
12779
10701
9643
9762
9156
18376
27485
6789
25862
17102
16725
24292
31329
12640
6648
24382
31043
11936
24500
4175
26738
3372
30927
2318
29443
6620
26093
12566
17811
9302
1028
32577
1602
8916
26063
32168
12111
24480
21408
24587
7062
3580
1895
9628
8657
25753
22421
16211
28814
22225
13888
7028
31864
26142
3173
14277
21845
9033
12077
26588
11688
16754
16039
7131
8284
10350
9259
25112
20788
12494
517
3932
28274
745
28383
22750
29491
10738
6985
18110
7065
32082
22797
6353
23011
11134
15761
12546
17198
6327
28445
1078
19673
17685
27969
16197
17571
8642
21739
12896
21022
30804
27160
800
1780
10751
21898
13790
12179
25278
12095
18360
27022
4655
16208
26611
10528
10049
5510
13759
2777
10292
11877
2300
1576
11016
31789
541
2199
13041
21652
17168
23141
15272
17209
6240
28704
13996
25897
966
15379
21930
16150
6655
32709
13663
9334
7515
31412
656
24146
27729
13784
3315
21320
21862
24145
28842
10375
18670
10718
18280
6636
11575
6843
18361
13447
28725
15400
28455
31807
14305
22144
30769
11596
8497
3953
14174
8888
24189
15611
4206
16121
3142
30967
30509
5491
8090
10332
12164
11415
22594
28699
25114
17673
885
19163
26472
10490
20732
13209
1240
19131
22032
16669
9792
2604
25398
27912
3846
427
1541
14838
7026
27735
30496
1678
18186
6904
27876
28264
6178
5745
32073
27231
6807
3912
20869
28805
5219
18649
6126
1378
31994
26789
28176
31178
29407
16043
30906
27056
17900
6685
8539
16320
17146
9667
17429
19892
26121
2202
30052
8832
32048
16444
3923
21746
15017
25523
14271
17013
29323
13428
14924
12584
13110
31383
24050
28636
18445
19177
30185
31557
20975
3015
5587
29783
6408
12883
32726
13290
2874
13240
30697
2059
20878
3309
9800
29376
18014
29691
9437
12330
27288
26411
32307
17040
8325
30801
14518
14607
15783
19710
1056
10279
4633
6966
7106
26739
15257
16655
5966
12244
26923
18954
26133
25641
8290
9118
11903
11162
12170
4683
20531
1446
3482
17969
17355
294
31918
15072
28216
1271
4586
22276
23978
17545
28200
30849
23937
2900
22308
23783
29250
18956
13906
30696
3203
27754
13977
31765
23697
5574
10898
29314
20915
14946
880
6937
22316
2196
28713
8052
18915
17247
27508
13664
9894
505
13366
157
11213
3563
14192
26736
4691
28087
15108
23645
1861
18872
8400
9747
13208
30756
14203
5653
12848
23492
685
16118
13373
1043
21705
20758
16663
25275
10131
11628
5907
28746
2815
20990
7460
2808
11081
24392
3007
32288
6510
19454
13520
15779
2831
32374
9227
27094
16025
11159
13041
5309
8568
13518
25800
21754
14284
23342
7514
4663
21718
9996
13090
9811
12452
21975
14463
3
31733
5457
21805
32221
30207
18306
1968
19047
26242
21039
26430
26584
11366
14585
25506
17987
4880
30874
25495
15554
28030
14707
521
2816
29668
16273
31397
27828
13052
11054
31625
17498
21339
2914
10789
19748
8169
15638
12333
17183
17093
5269
31605
22633
22140
16405
7110
7593
29321
23611
1797
4103
15377
27113
4369
16028
14870
12448
2710
27428
14417
15582
28054
29236
11970
31642
14009
26141
5372
23234
28982
10776
6609
23929
10578
18159
12671
25117
16577
19743
15290
12207
18918
23371
22356
10985
20415
25804
4082
3512
27499
10178
4095
16083
1438
16992
10746
12508
5678
9439
1972
7740
30758
3086
20035
12807
18394
25791
30517
29018
6735
21605
27510
21988
4965
5361
12112
11018
15350
5012
12096
25531
11188
15974
27713
28215
21413
29709
14714
17137
9600
32274
4416
18069
982
11445
29134
8179
24445
12963
24257
19138
5224
7037
7831
30639
20174
12028
6133
30848
16499
14247
14681
21477
26867
27274
28573
1254
6257
7725
1828
19345
2942
18953
23453
27174
25568
31010
16201
24960
31152
29195
31537
27481
29015
13321
938
19052
22408
12958
24237
2415
26005
19209
16432
24775
4710
17434
2558
23182
19741
20499
19137
30581
27091
5521
20424
6395
4157
19417
12382
5825
21931
11960
25802
30396
2474
6795
19551
18732
7310
2073
24731
23978
29030
1337
24211
22279
16266
7684
11403
28615
28303
3156
21938
14168
19643
26522
27385
18694
14702
21591
5075
24708
17754
21313
8355
31431
20568
11415
8666
6648
31909
30240
12875
9276
18559
25253
19586
31039
16610
20020
4685
3361
15082
5149
10370
12575
27414
31855
27404
22789
5381
7289
10940
23001
3195
25461
11057
29910
6720
18581
14512
21445
15275
24687
1888
11513
21596
6904
21860
29549
1115
17192
28904
32221
27334
20667
9105
15477
23435
29542
14192
12632
15448
12985
27510
19414
11471
20063
29714
23942
24633
10536
16623
21219
13994
3390
19466
12516
4504
4665
32641
14564
32009
18773
31440
15238
32767
30117
7827
1144
28786
32684
16052
1013
23790
12069
18293
10543
23291
11072
21313
1449
30191
26851
32574
4534
6240
31707
11959
15435
18269
19811
27532
6869
15514
27526
14404
12142
8801
5552
29541
16800
21079
25165
30139
22635
12605
31805
24950
32605
32672
1066
9719
4673
2265
2951
5067
28668
2122
28337
19012
2222
31093
19853
30372
27397
18716
18117
436
29940
1890
19233
31832
1468
22236
24489
4766
21732
27665
3511
26063
10245
23016
32474
1335
10760
23337
9449
1556
6461
9856
17840
14408
16735
20426
12434
32319
382
4877
15777
15899
19140
15833
6615
18359
9081
6745
29855
30677
31338
6011
14378
32405
31798
3255
26075
13023
5219
21950
29292
31199
25419
461
24000
2709
14204
16023
767
20276
19914
11833
10174
29230
6945
23386
21129
1969
32091
4610
22255
11469
28995
1640
20250
17653
12256
4012
28798
1488
28491
30368
21378
20451
30078
12502
1442
12143
14121
4209
26246
18319
11551
23574
25469
14431
10897
24023
27875
6783
13281
10819
14420
7228
4805
31353
30670
9513
25053
10515
2962
10839
32233
11958
28872
25772
27573
26029
12150
5542
23295
6833
8848
27812
12127
16583
6785
23884
5154
9113
6072
15304
24931
9033
22675
25393
5178
17725
8036
24318
7923
4304
30645
4854
26240
24376
32499
30233
17788
20834
15199
21720
20097
2349
27898
12038
26398
18075
7464
27084
11601
14892
2409
31308
30284
15014
28094
21544
3973
16916
5016
5647
1408
5050
24910
19960
32729
12805
16585
6226
29648
31874
7158
18902
30235
1270
3511
3337
28724
29688
8722
10646
2962
20406
25569
14721
23375
359
21421
13284
29574
25233
27686
21801
8132
1009
10067
18249
5004
17174
31857
17473
26273
19222
22986
4004
20553
129
6227
19431
14220
19564
20709
9329
14234
245
14226
27756
27912
3823
906
8447
27075
4752
30409
28793
25732
11722
9595
25190
10370
19249
3402
27824
31063
16957
23408
28541
3795
5163
7270
16230
20728
1991
19104
7130
22404
22083
31986
28112
15678
4262
1935
8065
11257
17493
6982
4903
19484
28409
1732
11350
21478
16190
23025
25785
21009
4146
15661
20105
23029
7861
2256
24007
21092
24005
30192
20284
17229
27979
12096
21424
24157
25275
14287
14429
11583
18616
19354
15008
4728
10913
17756
11492
20927
27012
26800
5175
2939
5738
3853
23586
21790
25679
18068
28710
25409
9743
21304
12162
32340
4498
12595
17026
19253
9186
10955
24494
22571
3122
18464
8059
26577
791
8493
30876
23771
23600
11536
3580
12895
1513
21395
27016
31958
26574
12662
11412
23235
10678
10486
23511
31310
17687
20744
27992
26934
2313
23113
27005
878
15610
21771
31330
2422
28358
4379
31326
17510
14966
2572
27281
15229
4732
30388
8440
9043
27817
4934
28509
16581
13620
8556
7243
31473
11743
9240
16621
5149
25659
13131
4668
11410
21025
20418
1144
8921
18552
17712
4125
27363
9313
4976
21452
32756
26808
2681
7026
7544
30053
17327
25167
47
27615
25956
20197
11741
13966
22318
26283
23955
3399
6044
30521
13209
2128
30387
10476
8686
10570
6376
3678
2982
15610
25404
30564
6935
11453
15940
10095
22453
24173
18398
5180
7563
1169
20911
21683
26216
28123
5043
13402
27814
6060
5884
32367
133
31720
3841
9129
9398
26551
11507
261
21461
32626
4681
18672
12322
13609
12117
20953
20409
7498
18795
2786
26880
31281
11138
4656
21274
6331
27040
15259
19328
27021
1226
12752
13146
21303
30806
3607
31332
4302
7539
6252
30436
18752
5494
9744
929
25799
16847
8594
24758
32085
8591
17674
16687
18561
14169
24138
24379
10367
13246
15952
6785
7012
18140
12193
31578
3000
30495
29387
12792
1603
19568
32550
169
17009
1107
28071
3971
15796
9490
22012
1021
31536
10798
18942
10680
3144
14529
13747
27988
7721
20106
17924
23885
3635
2777
10363
8460
2138
2257
23326
13175
29751
14708
11385
27840
17666
27233
14262
27634
25438
15337
17792
13014
19585
31745
17709
9342
7353
8521
5042
17506
16073
18975
16936
13117
21109
29624
4537
18909
5755
21633
586
7965
11035
26626
12430
1072
20449
6395
31998
1530
28357
22505
23404
30379
5142
31827
5367
14701
12108
20580
22173
22886
25951
22246
8567
21296
28437
15580
30266
26624
17684
30749
6450
9481
8778
12744
21357
5456
6250
29778
24676
29852
16174
32351
12657
1081
10700
6449
14657
22495
26066
32418
27010
11722
23041
10610
11351
27731
29137
18608
24376
29049
9723
7984
6980
21443
31227
24105
26655
15692
6294
25582
22783
23350
26310
27657
24830
5613
24079
26740
23511
16278
29063
22518
28775
15072
29069
19931
26823
15612
3846
3928
24643
16533
17814
24526
29450
18004
17728
8708
24912
23175
25363
28465
32151
27287
31262
2873
4324
20815
13906
15154
11767
28356
24748
27353
24478
18775
7123
25532
7342
9036
15489
18553
14829
27165
27153
4677
21556
9436
12177
13923
28007
4957
7031
24600
18013
9975
5858
26807
27203
16558
10617
1158
30611
21068
4547
28682
16009
32083
22289
23241
30184
31189
12590
21661
29193
27237
28190
29274
7017
18477
21026
20609
18752
845
16078
4823
25405
4458
22379
20084
11581
16677
3487
8680
31847
32129
32362
3908
4815
2069
998
28842
13729
30013
30151
11948
1454
22923
9441
15212
8594
1954
17745
792
11858
4837
19458
2805
19206
4737
27275
17916
4052
17391
22472
4091
2750
17317
13063
11493
14065
5134
6279
9329
2219
20075
8755
2405
23707
7386
18123
29574
32132
29238
995
21986
30448
19082
3917
10429
8721
12915
399
14110
3213
21508
14142
19567
13926
13763
27211
9041
28404
30625
21218
3197
22270
17870
1559
13703
20758
14174
24809
7700
10796
12583
