29011
11752
24886
13769
22946
28601
28491
21447
22070
23795
22084
15233
16311
4284
25130
10908
10563
13849
18141
4569
22898
11960
17851
24608
18169
17357
12983
12693
6231
4379
29203
22145
20134
8810
25634
5763
30878
12898
27860
9255
11988
29734
32623
13298
14788
13522
1080
27445
25488
13642
23672
18806
30468
23533
27250
9189
2563
30983
16574
14487
25179
21267
6568
19219
30767
17849
11342
18823
31669
27763
17545
30333
1271
20733
27995
15473
19887
27302
24360
23419
12939
12449
29464
10830
17363
26992
10852
4840
140
29440
6931
31665
20984
21813
20144
22573
30179
11817
22238
17361
26919
17203
31104
25409
7889
13688
25614
8364
17344
13718
22679
1850
11154
32088
5171
20853
8644
13169
32285
24140
18203
1276
22526
12645
3578
29590
25493
4794
12409
2739
8983
18368
51
8866
22366
21453
12428
2422
24323
12479
4950
22301
5874
6555
20631
8548
8064
24757
23684
17243
32711
7902
445
28710
2899
18665
18412
22278
23311
13811
30668
23697
28534
8461
20846
29086
26322
14782
29677
19828
18992
14248
24784
29938
31736
21945
27545
22017
23293
29087
5541
32118
12778
3526
15424
7488
25745
13083
7743
15602
6425
16873
26967
2057
4080
17910
24021
27137
4679
24280
6146
19205
29293
12076
5861
8107
16467
27425
26221
3556
6537
18489
18548
23927
24183
32113
31023
12985
9026
24866
29880
25956
5619
29641
28921
32350
3563
12489
16283
15467
12555
17045
22033
5746
18821
9187
10282
27184
27220
18775
10225
23862
24878
20300
20193
22721
27495
5901
18298
27808
21668
2553
649
18214
11623
3020
7360
12503
19653
3738
19187
5983
28851
6071
27763
22469
12791
27901
32603
2956
5941
23224
20470
275
22221
20235
2366
20122
10923
1902
14125
16450
25689
17699
27920
3838
5985
3769
5388
21632
3837
3080
27252
11643
12435
2124
23383
1048
17610
10547
10749
19550
22173
30768
14582
16499
5853
20507
26671
10389
14378
4832
17499
25519
30310
2073
11502
13285
26947
16237
22352
5254
8895
26783
30070
20695
4428
11499
30346
2763
14093
21934
18790
8617
30820
20236
30633
31666
4577
15479
18465
14271
2379
20316
9985
17876
17432
30280
6457
21624
18129
4387
18554
8339
6931
26676
8265
25337
591
2597
31466
7574
2250
4775
24497
9937
16350
15089
24760
648
25884
29578
8076
15341
23081
6608
6495
7310
3411
12018
2474
20831
29668
14012
13528
8036
30399
27418
28174
31881
1260
7063
21975
7239
23231
5901
11656
10425
10121
11942
11939
31248
18307
12727
24665
9743
29732
10792
25457
1987
26105
32665
13529
8334
5277
19535
17836
32573
18131
6175
32709
5681
25451
28641
287
20743
19344
23008
2388
21702
6585
22082
31215
19375
12706
4112
29071
5750
32034
13969
11790
9647
15926
24163
5419
15453
2911
13351
9968
18594
29139
22902
30586
5184
29508
23280
24868
30163
22769
29398
30300
4449
9114
30771
31528
9873
23870
12066
4391
24517
30739
26117
10790
24873
11995
4003
25076
13242
27246
13162
22806
15540
25184
22899
13587
22084
21654
8960
23371
5573
20005
6926
20811
10411
22156
8079
5207
25119
4101
19722
32579
27807
25563
14709
16966
10808
5633
7814
27339
24079
19915
29966
9044
2293
25503
30890
9864
21467
10763
8135
13437
21527
16288
10058
10021
6384
23358
1877
579
28783
17106
18899
10654
24918
12118
4431
24823
16667
26474
25511
3119
29761
10853
1796
23987
32280
31246
10548
30959
15875
15683
9502
17596
30575
8852
18211
15198
12047
11324
24504
1478
19548
7656
26258
3804
7288
2318
21354
21802
11654
17974
22167
14984
14573
8008
25164
22377
22781
901
32385
30284
9175
24458
24080
22480
13410
30281
3462
20212
29103
18293
26820
28545
15758
13443
13206
22080
27201
20546
24565
24466
15066
15827
886
31458
15905
23456
14068
31720
12587
4663
21590
29220
2003
13309
21019
6605
8555
31259
23759
11882
3279
30818
10524
17392
16782
25729
5371
28203
1153
30459
17723
28199
27362
5297
10454
4782
8262
16422
30062
538
13109
31504
19568
20525
3134
31084
24093
27385
15288
21707
718
8983
20295
19893
14392
6333
17263
23076
5433
23690
28776
21053
6378
32589
32172
6585
21284
17620
7253
20144
12154
21307
7549
1747
22749
15348
17557
774
5048
32145
27866
3097
23717
14638
2347
18977
4633
27363
15911
16326
74
28289
12107
24438
5198
9115
23549
16580
20516
29236
6070
29502
20590
12881
29325
9665
23172
3155
20452
5552
11569
19068
28311
15403
23639
25692
29334
18876
16585
21822
4045
19824
15127
8064
26796
11282
11562
22458
25324
11577
1792
31458
3176
26849
20406
24029
7848
14694
3809
17237
3279
8004
31654
1934
26408
3206
18598
24779
24780
12838
30535
9359
10227
17094
23976
26752
17668
1314
19585
1261
4982
21387
6220
27568
25633
4781
10481
20064
1437
4245
9154
16355
23994
22185
27811
29832
13821
9692
10096
23653
31633
4979
1011
23002
8054
16849
23399
3364
20951
10087
12583
7040
22856
11852
27521
18743
4767
1779
13320
12000
32682
2255
32435
29651
7238
10981
1067
28319
27765
520
18829
11385
25254
4868
5917
10864
10374
11722
24969
5877
8096
19227
6003
20122
18499
26776
5839
31464
25874
19418
11328
12785
4005
20789
26389
19329
13097
16332
23251
7352
18108
8874
28885
27412
20362
6462
27721
22225
12798
31309
23556
9859
3714
19989
22228
29453
27340
16248
21066
19971
21053
3346
13208
30320
32517
31800
14875
25042
21658
17428
19439
21376
16145
5408
13905
4031
22531
10404
2935
8675
21928
30402
26508
11644
32164
16079
28171
13371
28352
22231
2561
20879
27998
26944
12728
14417
25692
32451
24016
12069
20440
29771
6895
14327
5818
4226
25053
31908
5563
9943
5618
16268
15244
12886
17787
11239
21574
8916
17297
5575
24847
24280
12722
3019
31965
24636
10626
2935
19144
19779
21084
24696
17952
7342
15818
4074
30611
19950
31396
3895
3871
16027
934
32474
29334
21696
25081
1956
19908
25773
8396
24838
21138
4815
15545
21943
28986
3289
26577
19891
32105
24300
27894
14623
24332
19286
7934
13971
15103
16534
16396
7345
32359
171
7397
3431
6289
5152
14708
17171
29186
23155
29738
9002
15017
31736
3266
22546
32573
16836
13750
25944
17274
19974
31594
25481
7751
21999
20921
23068
16407
15038
30927
17156
31815
27055
16210
2499
12775
23840
3897
26753
19135
29123
6144
13052
655
23858
13106
2320
28310
2543
32496
32347
14317
896
25810
31138
16490
25620
28245
20563
30770
14346
18649
6639
5182
5751
19876
3476
16622
13428
25797
30435
21381
19219
22978
17619
29843
8136
7599
21959
31874
15247
17608
29998
12707
24716
17779
7064
31048
23240
2969
11737
28370
9120
10437
11453
32202
4884
23146
27228
13302
5887
18349
22887
16587
23821
20627
7382
18650
31372
16708
25026
5216
807
9357
22826
18543
10965
6010
26534
21259
13532
5929
10338
31908
2117
25856
608
15319
26223
3565
17185
25895
19609
19022
32685
6052
13651
9101
7491
29858
6438
15777
6767
5250
27940
15285
14777
28946
12463
27602
17324
15974
31998
25886
19269
15601
21966
30804
12407
30168
924
6349
5523
19937
5629
23948
5930
10541
16668
10059
21969
15720
12446
10147
9269
28464
31319
7981
25535
2033
32755
17564
22220
20188
28645
14687
11333
32589
28673
23294
5718
26582
1563
8524
21413
30310
19548
851
15430
17261
3180
23069
17678
3738
30227
19394
10609
15677
29621
23891
23760
29408
12321
18394
27521
31341
27227
19512
12584
2250
28138
32094
12561
27203
5075
26350
4858
27837
32042
1022
9111
24577
20716
1116
25631
10559
10280
19917
14086
32728
31809
9007
16524
9572
29445
21701
13513
22291
16075
26653
7700
4988
9412
1082
8744
2578
12934
13073
21120
29157
5916
5883
5763
14319
18848
15449
30202
5144
19097
15985
28584
28382
21657
31394
297
14741
14034
13659
15111
19649
27286
17036
22676
10752
23520
24335
17817
14497
3076
6464
1512
21999
32361
17349
12506
23609
3146
18275
31700
15011
28380
17362
9675
24195
28812
10952
23611
10859
16275
3752
12295
4587
27509
23914
22567
1466
8898
32144
15022
13437
10953
8247
15890
30983
10388
3781
27014
4795
14924
12354
16194
20116
28962
28583
25439
10898
3860
7834
1509
11487
7955
1385
316
29765
7764
16296
18342
4380
4700
7015
22349
19145
19639
14272
28095
27693
14045
29060
28352
8310
7796
8315
30415
15370
16712
4918
16124
31787
17420
3593
1938
4177
26745
25836
6204
27093
9703
17034
22569
9837
14286
19920
3941
10785
5710
16482
11989
18187
22119
4813
18670
22982
10779
30156
23723
26880
6486
2939
13690
18029
28876
30338
5744
6921
10918
5193
12785
15541
24921
29423
22814
8963
4155
20284
27293
10932
23753
21262
1101
13216
1544
18153
30450
1110
3721
9044
12931
4490
24487
6369
32765
3996
23960
12096
31364
14234
16931
263
24329
10251
2217
25836
16953
31565
9834
16848
27363
7248
11598
10966
8168
6495
11437
20358
2380
19703
31997
30149
24584
22479
174
24492
8079
17649
9319
6322
23298
10188
14744
28377
16650
18996
31056
31336
16980
14095
22586
17702
31476
17622
18559
4780
19077
21033
4512
3884
27500
31836
7135
25696
13046
11700
7095
13012
13868
1720
21269
30033
1937
14095
5423
28151
20677
18618
18594
13500
11942
23867
11449
20595
11778
10284
10598
29436
21975
22028
25017
1029
32353
8545
14117
26685
23964
31252
4258
6
10735
21162
24143
26736
10303
21657
1150
24945
26764
17867
3374
15024
16011
20515
28977
23002
2944
24301
19311
11495
13945
243
32749
17729
30561
32335
32633
20709
10740
19696
26766
5069
23617
17406
4536
14707
29079
27883
32552
17498
291
32241
12684
6327
4762
5744
22055
29205
22603
10040
5797
17182
23510
32609
15407
2157
10503
24667
20472
1449
22231
18597
30141
24019
19872
9837
27749
19502
851
20108
29578
21897
13312
12627
20422
26629
22377
13438
2925
7136
20995
22104
29262
4111
26622
16871
23743
22031
4318
2049
14997
17627
26071
1835
20385
14253
12915
9214
8145
31495
9993
19673
692
11651
18144
16374
21058
7406
1662
16078
13977
5273
19171
6409
23312
10088
23698
28005
23457
15160
13633
17970
8977
26144
2807
19140
10076
30579
7895
17860
17164
22418
5251
17253
16450
1691
14764
28257
23881
10201
11190
5416
23761
31563
7260
953
1019
31815
15839
26161
26077
28397
31565
7265
11004
19133
12468
10376
23824
20685
22288
15865
17287
4193
15026
7295
9319
7135
10938
15696
25692
26485
31046
2800
19271
12564
31285
29309
18974
1769
19149
1769
1509
11697
261
312
9351
22630
22138
17269
24804
10764
21038
14598
25522
4801
27590
2447
19200
8291
8887
1889
27916
27109
26747
7136
26839
10540
32472
30272
22975
16797
26968
627
29041
17162
1749
30864
26324
8281
3446
25905
24022
14948
25155
29999
9373
13649
25812
1489
20799
28028
19778
32146
24864
5055
4394
25302
31969
23101
12151
17185
15352
32593
32515
6776
28137
26172
6502
23446
16842
16479
1674
22607
11946
31611
9531
7807
11998
5735
20539
27619
10194
8377
23929
16385
5572
11431
22870
1149
22483
13450
16492
19846
27469
29615
12309
24529
9878
2911
10884
24541
10440
25414
19129
11147
21697
24764
4798
31699
16600
6446
11972
10063
27203
9026
5198
8386
6838
4990
18134
25358
18074
5555
27502
19747
126
3616
19144
27650
30497
11683
11915
6232
4691
4882
3033
1573
12124
17259
24829
6238
16290
1001
2565
10567
23132
11339
6013
28881
15126
5701
24705
14489
32746
8841
1148
26961
16860
26566
16199
12293
13398
16770
24675
9344
7089
13843
28262
28438
15083
21009
17732
32733
19744
10008
25547
8526
17462
16463
6026
25472
19362
29495
11798
242
614
28834
9504
18442
32668
9820
21627
16510
24935
25440
12341
8369
20502
10106
17286
8920
21646
6647
13392
32384
4468
25278
14298
747
14477
1051
12148
8736
20781
32527
24172
28567
7832
7961
13136
15169
28983
21991
30427
12417
26152
11501
22279
18993
23776
3148
21377
29547
30744
4815
8823
17148
2736
622
9233
32373
6488
1193
8307
1230
28553
30169
30602
19595
25966
14598
23738
7777
4117
20337
1279
29309
21570
28685
3533
331
11044
4622
4812
18841
1365
10061
31047
8637
12539
16857
26499
17055
17095
3614
1450
25947
28736
13535
25187
8887
15505
30791
18217
23397
401
11028
26895
14206
5798
19725
29658
29114
19196
15946
28112
25103
27387
666
15485
564
29126
29993
20315
20302
16632
28688
16793
29857
4224
10845
29651
20331
29252
17390
21415
6036
24933
18574
16267
1367
19110
15442
12412
7023
26500
10745
31118
25221
15384
27293
126
16368
13460
4684
31641
26356
21888
17248
24310
30674
3996
10535
27294
13675
13706
3841
12275
12117
4559
5004
16501
24256
23371
24966
12676
15168
17251
4407
10285
17508
21301
27784
13971
4667
32438
23041
3968
17261
12506
4698
6632
29023
6011
25028
13692
24485
553
26428
16778
5369
21121
16253
32596
12317
15924
14317
15154
26232
13186
32590
3220
15216
28457
2889
20786
30359
7536
22329
29044
19815
12572
3620
8356
22263
32671
15910
24187
19769
15520
19090
10104
1415
6620
17901
20867
7708
17758
10557
13298
1584
21611
29381
23857
21966
11630
12325
6102
1346
15060
26026
10845
21737
3115
19210
10030
8376
32737
9272
1725
3811
17013
14712
30677
29551
5112
3749
22636
28865
1707
24398
19055
23471
13457
20627
1873
8017
18890
1426
14805
19486
6940
26938
18168
8012
9632
5141
13742
17890
4813
22969
32258
18716
28277
29111
20699
10427
15678
5381
3751
18047
31562
10808
3054
21304
1661
2657
2523
5526
2171
11816
32375
4967
21976
8468
2398
19407
13239
16885
27458
18129
23477
22946
364
16326
26131
13569
26623
17321
4550
20542
22610
10168
16202
24447
3726
7703
2771
36
29258
8445
26179
30861
26858
16444
21009
21485
4017
24205
30268
2347
13807
28904
18807
919
15330
10158
20246
349
30874
18774
4972
6015
25888
24422
18578
1717
21486
31876
15846
20558
5839
23862
17858
7766
18927
6858
1418
16093
24168
10214
9686
1105
13309
13715
1673
30663
14906
32767
26042
13773
8720
18885
16206
23480
21252
10067
362
5216
19913
6889
32215
30010
11427
18344
9760
17974
20578
20879
17241
14035
25249
21468
7935
24500
27889
19246
15921
9521
5819
12335
29027
3186
23388
2002
24085
22434
28394
19002
5089
11698
24277
20257
7845
14557
15685
11575
42
18716
9691
13375
19087
19223
25809
17990
29047
7115
16293
5893
25216
24627
11663
32761
27289
14822
26137
18748
23965
17241
28210
20491
7447
22723
26979
13028
8537
17530
25861
8492
11819
13925
23940
22643
11665
2745
28950
32535
4730
27134
9149
13593
19677
31003
4063
1125
13649
15839
6598
11805
11226
17344
17808
11212
4927
14819
11291
968
19170
6905
27922
10760
14578
31713
14969
20478
26451
30866
25197
7710
12660
32580
27643
26340
103
9880
11329
30544
5760
15869
14637
32341
7888
10272
28342
6032
14762
32072
13779
32361
20838
17993
24263
31678
23568
1192
14451
22423
5392
4528
12214
2968
31356
8197
29096
16242
19722
1956
21551
3659
30922
25187
26905
13184
20539
7637
9973
9440
9894
7918
19269
16308
16573
18667
23665
25536
23509
339
7942
16402
12265
10295
18288
28545
32754
23297
16723
23100
23481
8192
21938
18895
2463
22147
16649
31798
6819
21457
6326
30591
121
14435
17409
29399
11043
27545
23579
5862
10266
10280
6073
21500
5503
19679
16547
31116
32563
14864
12862
17889
23156
20000
15448
18275
15218
15201
27473
14904
5623
5925
11394
29275
17729
28805
12218
11455
31650
11129
29699
12325
7058
19690
13079
16783
17122
29800
17137
29260
18486
30324
23123
8793
32084
18149
19450
6850
3057
18304
27806
32727
6181
24742
24614
15881
28582
9751
44
18770
16473
11521
31990
19881
12220
24886
20208
5879
18782
17466
21602
14062
11916
32525
15474
30745
5232
20816
11193
25971
26803
6770
12717
4371
8109
9738
9348
27348
21888
17907
20594
26796
14448
9639
7472
18372
11556
20533
14829
17071
19963
328
22464
1416
32070
23606
10811
30249
11406
11612
18440
12358
17552
9933
30146
12815
18701
8540
2193
15749
20703
27220
26029
12454
28343
66
21219
7121
22818
1003
28102
4034
6375
31889
13036
29713
27773
32683
31394
11910
14112
12599
891
4081
26221
5929
5844
20975
2398
17389
12764
10094
20764
10000
5943
7763
9263
14850
15708
23750
24189
1944
1136
25367
23732
11175
12956
9489
29859
28615
28401
20382
17852
32546
21076
14751
28149
11087
28413
25947
4845
2690
10021
21291
28760
11520
26759
8664
25129
29451
22458
5616
21721
29655
32292
10905
25610
12852
28169
31399
25353
25094
19503
872
21069
13892
18269
6024
14019
19545
31185
28920
28084
6394
2155
9439
28678
30816
11754
11654
11045
311
29716
29009
11072
16276
30619
27078
18275
9429
6362
13039
12309
22019
386
15765
28723
23082
32215
17718
26418
21895
32221
30536
5768
27623
5175
19526
8608
11776
27475
14902
5551
8433
3995
22556
32623
32565
11323
22151
18663
28869
26296
2870
2613
985
7391
27901
24593
9619
31155
24894
23596
30037
29938
25540
25754
26629
4865
14542
28633
23281
12307
8410
2880
1187
22062
16090
25104
10323
16116
15365
13815
3277
30359
14617
7396
6036
8372
2968
31108
13766
841
1618
24048
10147
10371
13605
24123
13200
21350
2150
18460
20240
21988
7744
16885
22384
9862
2414
14338
10294
26988
26192
28941
19641
330
1988
3007
26542
32626
32492
18779
19123
28351
12325
23400
19311
20493
24179
23411
26860
6767
31512
21195
14766
14452
13318
24864
4253
12548
2451
788
24194
14395
14855
5478
6909
20341
22624
1092
11320
7252
13305
25821
25387
20012
27970
15159
16839
3221
11998
5390
22589
28082
30239
24889
20947
6964
13868
12157
10508
1481
11907
5363
27729
27778
7239
31844
3312
24248
20743
4816
256
7239
3163
24580
12081
21759
11106
8959
32476
30818
26115
2047
12634
17250
23529
24021
30346
27248
15166
22661
16421
23288
16410
18390
13191
4937
7580
16283
15572
1095
30458
8653
4208
26048
11852
25566
24191
1352
11401
21435
26797
6102
21701
17928
24443
8254
17652
1056
25707
8311
12091
24464
26106
11705
16616
8843
21003
12098
27385
17242
10286
8819
31495
10631
30076
31267
3124
2997
6674
23910
16345
23391
16645
7104
31908
24531
32186
26828
9257
16590
27036
4791
30504
31448
25615
29322
26746
22365
26077
7901
32363
2953
23526
32737
8810
29151
9156
29715
23354
20063
12190
3604
5175
31985
10175
4601
2335
27928
9512
4204
9332
269
7248
25380
6560
14802
5076
14986
32525
8316
3377
17923
8502
7407
1461
22935
17742
15450
13411
19013
32465
2399
12708
8154
4576
21982
24608
21753
13302
7055
26926
19451
5116
13783
6752
12689
11054
22102
22611
22108
21900
17982
6455
6066
11781
17562
30345
28142
31912
21712
23310
21489
9924
16501
22592
8861
2539
10182
31280
15614
11057
31098
3975
9256
11024
32369
22628
30187
24501
11903
28333
30350
7010
29966
14687
12792
390
31076
9263
1592
18709
4118
22689
9218
809
4862
27097
3367
24365
16783
107
598
11549
14909
21934
8167
12033
15834
16765
6510
7603
9779
7051
18293
2868
2118
28865
1523
6973
6379
17114
27262
12126
20979
22803
99
32198
10388
6017
31975
26863
22677
5304
433
16024
26006
19142
30719
24298
22397
4168
27308
365
14350
14810
20481
10113
16714
7205
14337
13244
9834
12076
3072
14875
6147
7857
27682
20805
1098
23925
6000
258
20077
22628
15301
15853
10918
30042
20722
4829
13361
3346
377
2752
11214
22758
2067
28873
3930
23173
15574
22683
6108
6751
4697
10387
32134
17608
9244
9688
11711
17985
20813
30532
13228
10470
306
10469
28805
13542
18101
11033
20235
21496
14048
28603
30534
24731
5275
14517
8947
22475
555
20279
14639
17482
30094
16352
9296
24902
21446
25771
30046
7814
16768
24231
27206
21321
8039
11018
2132
22444
5207
262
3876
31029
9316
18847
5724
17716
17100
21144
10811
3596
4723
27349
13436
27412
26769
26397
15955
26229
24263
10420
28854
10950
9480
8103
14721
14706
22944
13982
29609
13092
2629
19818
7090
23446
7438
404
28017
9111
7377
9277
5563
16928
31084
25572
13805
32591
15995
7348
15489
25608
10672
20740
31385
16536
10298
13975
27587
26390
15362
16142
32353
17390
22264
21523
18210
19147
29155
1206
25484
19642
25875
29128
3865
18792
29953
13335
24692
28545
11876
22809
18931
4421
15732
25960
4542
17339
15191
16988
15064
30974
27303
26439
16802
5429
17673
1722
18166
7154
1565
21232
23111
18529
6512
32144
18415
12030
20579
6217
5834
27773
28834
11124
22682
31527
9377
2589
14019
7005
28415
4964
2368
6605
17346
14665
9690
4591
3999
16980
22854
27054
27763
5335
23168
24524
27790
26066
22389
7747
31348
20320
16861
23126
17713
22018
24503
18193
3011
11553
9003
684
30841
24885
11392
12940
28573
6323
9549
15151
6009
28465
11039
4234
30966
16101
23131
29914
18347
22092
14669
31320
30498
11196
22763
8733
32179
25477
29328
15374
28289
23480
8539
31808
4451
22172
15418
20742
3111
7795
18171
8211
17075
4843
4231
31965
8197
1869
23493
13288
27898
28312
19951
19557
24211
150
26107
32398
30344
30440
7041
19262
28281
4932
6580
9195
14127
17788
18307
5282
29809
28877
16347
31507
31735
7090
14684
20883
632
1678
20365
25469
16270
5896
19778
24937
22555
9907
4805
23425
32423
1445
22779
32202
17855
31278
32481
11698
22285
24758
11950
18676
11406
11741
21150
30119
28625
31144
15526
26776
29612
28413
1919
13864
14440
8072
27820
23983
2563
22416
11824
17683
3434
6322
13801
19008
31958
15369
7646
5853
19154
18835
1898
12822
118
29213
567
24769
5394
24509
30164
22498
8685
4371
3066
18001
14305
31695
28370
21965
16928
13310
2416
7024
31124
5652
16478
4193
6516
28243
5164
823
31938
30237
3227
8133
3201
11189
20002
21878
24931
3756
14654
9965
29048
9869
5978
14297
4294
29844
25777
32312
3629
29058
30699
23922
15372
25369
6281
20353
2009
10617
13826
11833
31323
4167
3354
22861
23367
12939
5681
21122
19834
24744
2915
10187
32209
1232
11007
20619
21200
6080
9971
24254
27561
5558
31337
3655
9449
5509
19840
20318
18516
1021
29046
28330
32652
26945
14728
24936
21550
21568
27694
7793
14612
8997
18289
360
8825
29173
23676
2038
14222
19135
20940
6049
1237
6916
25595
17628
24265
978
22814
24436
16723
12828
9491
1154
15278
32748
6168
26091
11187
19971
30141
14966
19393
4691
29474
30442
6665
21255
17195
6783
31130
30308
12856
5993
3853
13559
29387
8567
6156
29698
10937
9773
16043
8653
3007
15888
30760
6246
18493
24400
26689
26912
13476
7482
17714
7487
13974
25568
29807
9111
10046
18347
918
2043
31500
3256
20092
32418
6563
27667
13066
7978
30558
25001
30724
6957
10572
11643
28519
10168
26686
12749
7714
24888
18300
5940
30399
11036
6459
16169
624
26811
5843
11909
1217
19509
5445
30374
16255
27099
13499
23340
19243
12684
20300
28136
30629
12488
6840
29371
579
7687
1582
9452
20779
22615
12716
6566
30384
32280
9398
9303
15316
7479
14381
29044
19623
27422
3145
3702
9786
10094
27042
20782
32465
7753
7763
11319
10129
133
3887
6655
4444
13556
11891
8285
26143
16897
16423
20091
18125
17834
19532
5891
24489
12728
18878
2579
30487
7685
15849
3534
1682
17559
15887
4531
645
29403
19921
24992
12865
3567
45
9775
3236
26121
29075
4218
14851
1551
8957
17011
16836
7828
29385
20568
16910
2497
16516
7466
12263
25860
11525
13786
3597
11662
28829
24516
31179
1804
20319
14618
1892
6379
6536
2267
18594
26540
1888
16371
29439
29450
28955
31498
20789
11136
2150
7829
32423
12434
21537
12736
21867
15573
19462
14185
26861
25071
27272
31807
3879
27936
11871
30189
2677
20031
24497
2073
27599
18993
7741
4082
25010
4420
23260
5271
21709
23626
17114
3360
23219
8609
31892
26756
28918
23162
32573
12034
5957
8134
9394
19792
9013
4157
23241
5285
31884
25929
14219
22003
30769
17576
25498
16029
18244
23266
26299
6257
5484
28129
11706
5117
28152
5886
12240
17649
2339
31892
23385
24439
10173
5618
15517
24258
15812
20303
22726
12313
20300
11682
28612
25524
9838
11603
15646
13424
11250
7084
24091
21089
17593
10835
16202
11879
13252
5288
9261
16043
13649
16309
19052
16392
9260
30214
5029
15075
16183
26870
22013
12475
23368
14181
23918
6100
16472
11878
28543
16013
28444
11106
17848
31111
27722
16623
30492
348
9878
17937
2942
26873
28601
9774
25037
14278
31240
29683
6107
8286
17079
10182
12992
12626
2303
9572
21454
17460
16460
19147
3805
16594
3089
2881
17212
3264
16890
10261
19464
7619
6715
9824
15974
17140
31800
24469
7487
26422
18400
20413
11920
1217
8683
10034
10038
8498
12576
19149
13099
29956
30353
7313
31105
29291
11402
14327
30140
5775
10875
16655
7722
7381
21446
2469
32470
14196
11808
8501
10013
27694
6790
9897
28145
3854
17449
14908
6327
11767
202
27582
31810
25066
16636
29703
21677
26729
7430
20409
22580
31041
11806
31801
18505
10413
22460
28082
23832
19535
6395
15389
5428
27876
9604
1588
10102
11074
26145
3650
16195
10709
6901
6888
12470
8404
3764
18774
1843
19509
1393
5693
25519
25840
1347
12616
15641
18592
21566
10558
25715
15692
6942
13067
17731
26582
21028
13176
30835
19443
26679
16486
11426
19689
32752
14571
29105
27709
8859
3048
4025
14828
5875
2704
20838
18821
16321
9211
30078
15122
16163
31451
23234
7494
2213
25594
8112
13849
11936
12640
22489
30039
9167
4632
31688
14467
17335
22725
31967
18681
22423
31069
11425
32766
4274
29671
4573
6282
14365
22525
10698
31075
13203
1827
852
31358
8204
21770
4560
25271
15849
22383
17131
18082
4092
4404
15051
21085
27994
23381
27295
21458
538
5330
31993
21403
15828
454
25915
9177
11813
25032
22474
21986
18474
30338
10601
24872
1746
15635
2988
22335
5629
28141
8103
27513
23782
13884
3123
3261
4242
3624
4470
52
8577
824
32506
2705
6918
8108
15862
594
1515
17286
23972
23980
29836
30789
7974
21802
7099
20054
3946
15620
15259
27743
24979
20562
3406
20721
24154
3566
29574
7188
20977
30052
27176
3144
10080
3758
14389
17468
17934
357
26117
17044
17443
26737
23782
11887
30118
27989
26771
7708
27768
28684
731
7415
20443
10235
31954
26359
15530
7155
9228
11950
3608
19891
18947
5975
15765
879
15069
29530
28857
24320
17020
25904
26250
1285
12941
19532
20624
28551
8979
2374
9881
28842
3770
18690
9519
25366
26683
22634
18735
2501
19996
18286
12755
4983
26282
1420
15041
26407
24855
10297
12587
20442
30813
2771
5534
3833
184
11124
16509
14251
3791
23634
9047
18381
7599
25115
4139
31259
18356
7553
824
21539
31022
872
1666
4313
8323
22234
4856
32358
12487
23146
16646
28005
3751
21543
24496
8054
30795
17275
17832
22778
14575
30051
23751
17178
30596
11277
17942
11840
15243
1635
21139
2668
15261
19728
3806
6264
30843
21576
5108
29497
21773
23472
15181
11987
21778
16327
7008
32140
1484
30278
10871
24380
17557
6938
15264
4590
17638
1916
18371
8899
26962
20031
3332
14142
24224
1006
22167
21455
20121
13189
13477
21104
13245
30032
19890
237
7129
7153
19776
10675
10560
29230
5457
8477
5222
17978
30421
1507
6077
6699
3021
12933
2356
460
23993
28249
8590
5481
18159
6405
27451
8189
8478
27097
13523
4430
11275
8103
2417
4659
26310
18187
14865
27038
13876
16481
3661
32116
8542
24769
11110
30631
7593
4149
29995
26437
6588
15901
11989
21381
4349
23208
16163
32021
22013
12934
22596
17288
11694
11276
2640
31646
14208
20192
26483
26276
22276
6300
27659
17966
12390
20765
6679
26839
29593
20061
8307
17659
5424
23190
4348
27336
31517
13108
20711
23069
22359
15734
30202
1815
14679
19065
93
18525
26861
6749
21356
16300
20607
22024
4976
5500
1094
16316
8040
19344
30827
32074
25529
11437
26688
17876
26561
19697
29345
32331
30203
23290
1231
12960
5982
2562
18969
21442
3362
23613
2956
18233
23351
6103
24285
16529
11787
5806
17324
20020
11525
19640
31595
16133
642
23882
13108
5838
1756
3123
4125
16499
1662
28277
8440
16539
5291
9979
16556
25811
22470
26846
8312
23255
11032
24081
32207
21374
13273
11398
14284
31303
14686
32353
10932
19300
17380
2447
11498
15592
21029
18949
31205
2802
29899
30448
9216
12516
16844
11786
9312
2997
32757
32311
22799
10747
7538
21420
1211
15186
11589
2925
15834
26052
5138
15596
30404
26271
7989
11623
27468
23227
29617
14492
3805
25374
14029
12349
4940
13664
20024
24690
21575
26448
19714
18236
11337
18327
10999
26848
22347
27237
28646
21589
68
7523
18192
6241
20788
11721
3215
28206
1295
26360
14931
405
26120
909
24472
14047
32115
1622
22446
14137
8413
27432
20142
13249
26743
26414
9289
16989
20701
10206
11175
24117
5589
28335
29428
5903
27483
22011
31726
22038
7673
30358
32539
15283
6811
18179
8680
18986
10387
27569
8387
14140
8169
21707
19798
1091
6012
2019
29854
10674
30443
1012
24973
12429
8682
30308
24931
12432
6118
20074
9991
11581
7366
730
27406
7732
13677
17616
18692
18115
13819
32755
18287
11730
6637
22622
15784
31618
23370
2018
3794
14824
1340
16768
17233
23587
8263
30971
20595
14345
28991
16025
6894
22956
26961
26319
20466
29180
26317
16958
10802
3305
26806
17613
6864
28249
23727
119
2384
2461
32343
13079
32013
7287
17571
12519
8353
748
974
10095
30284
12677
12981
9175
10837
29100
20616
6891
8106
3587
25027
9162
16423
13441
7657
17613
13767
2525
24371
18909
20763
24198
23546
18822
13367
5524
26203
29225
29635
3685
15284
6579
24913
13308
17699
5120
24671
4518
11437
23825
14087
26290
17846
26741
11566
12124
10219
23247
9673
21132
8841
8887
16944
18957
477
32583
18428
28146
5267
24070
9434
24241
23765
30377
18575
6198
4569
27877
15728
9756
21359
32163
21295
3263
18505
21202
21359
27704
28966
6133
28584
18712
13815
1834
7519
1393
12698
14992
28816
19859
27767
27089
13632
24742
3021
26848
31936
18711
21155
5717
712
8707
28223
21036
12398
2363
12187
21193
10134
23021
1140
25302
32300
11592
24843
3086
15809
15180
1247
23582
27683
23495
14874
19944
17170
2512
2088
26822
18117
25565
32159
2455
20322
1606
30657
7234
3740
25036
8023
26531
20346
15010
29679
1609
32544
873
16314
21365
19557
4988
18359
18587
14691
17528
21016
1898
31912
11913
12600
9765
2721
10655
1314
7913
23359
22954
12692
20868
32285
11780
10581
18951
25768
27814
611
30511
31203
17445
28072
20792
17035
13738
3549
13350
28957
24163
2468
26854
7487
23448
6633
3829
21652
13352
27980
31472
7971
23499
29412
17311
24259
27332
9103
15300
21013
19374
231
17612
1882
10571
9766
8175
14501
21826
3372
17622
24055
9600
30466
16819
4538
1714
13110
30282
5362
602
7602
6578
407
5920
16553
25172
16470
22465
3018
29749
24802
21335
3370
15785
14526
1759
11068
18672
18006
17734
2210
23458
8880
7955
16438
4850
26822
18027
835
16872
16462
22819
22744
22014
7357
28956
6191
1885
8354
10602
5291
24572
11158
21878
15000
22482
23544
25253
26542
20154
29406
7203
7042
7695
27455
29824
17115
15538
29869
22049
29903
32285
11655
7848
17002
5694
14785
13366
16121
28182
23592
22999
10126
7686
13861
21419
9065
26449
6312
6072
28433
4159
2395
27438
11669
18579
942
26984
12642
26820
10699
4591
19884
31788
25514
15228
22572
8295
20117
250
17524
18099
24318
4277
23480
6472
29843
983
28255
24440
31768
729
20324
8883
18320
515
29636
11986
28285
17497
14500
14883
10954
3536
10033
31210
27918
2152
982
7793
16817
21342
30947
21563
715
6708
17989
19905
17774
27561
30118
995
10447
21170
28421
17795
29250
19256
32529
4695
31912
7724
24570
13128
21802
16220
2388
28728
20262
2566
28409
24389
14986
20507
28973
14200
11944
6598
7215
26350
29312
457
15798
16940
10954
11752
17303
3053
6900
16701
14035
11388
24838
4531
31858
30482
2158
10166
19758
12381
3313
669
131
27967
23625
14150
23130
29013
16981
12856
27111
32632
10344
20809
7326
24867
22187
27890
17367
14419
21293
15340
28934
8603
9141
2187
25818
24889
24918
7640
9819
992
16600
21119
16601
31601
24838
18950
23649
24704
18255
17708
21162
13693
19966
4741
30931
26926
14855
26250
22097
13100
9997
9909
23130
13037
6182
10941
5530
26791
8179
8924
32087
17648
23815
5935
12619
