19207
18645
12669
23252
20357
19064
23071
29736
19142
19885
15820
6762
31898
10011
6598
21072
31767
313
31894
26310
7589
17475
11966
15768
7247
19497
30341
10081
9553
26711
21554
4883
25090
23552
10467
8465
25046
6103
18130
6918
18471
5114
29420
16800
14892
27611
24799
28889
32430
11299
18812
31241
13856
25596
27794
32728
22102
4074
28491
12003
26307
18782
8035
10581
4979
14137
10367
716
25308
29695
27303
21149
9540
22082
30920
25188
23007
28631
24776
27337
10245
25169
6760
25600
14735
16219
22503
14906
31920
1869
5374
29541
24015
28701
25127
29600
13089
11248
32486
6290
12881
1448
20809
27502
14488
8016
15357
20213
1870
2768
14902
16403
32035
25
3455
3647
2953
9061
30841
28236
6486
28062
3948
19198
29101
30204
22511
23802
24005
2816
21180
32693
23326
32548
31748
341
32268
13891
30620
12455
11714
24776
26039
22898
5201
19226
9841
2417
18249
13218
14229
19475
6536
3491
20026
12183
28127
28136
17089
25656
8810
26582
13684
30778
19260
1632
24274
5442
7344
14036
31809
18158
15532
10376
17055
12045
29205
26516
15806
16092
21289
13519
8807
23250
24532
29691
4684
21026
12087
26036
3606
18717
4425
3532
31620
27694
22639
23608
3782
4637
5785
5457
31347
16815
21825
6774
2852
2356
22585
32209
7319
23307
32637
20321
6919
7992
816
9333
31395
16053
31711
29153
29081
20061
27574
18554
16563
12694
6330
7311
4923
10036
24105
320
3140
2551
17319
27308
18199
11545
21847
17412
22321
7585
19932
10117
12350
28000
14226
30334
19814
9203
18508
31562
24812
15708
30085
22448
12798
10953
20344
19597
30220
25794
31838
14978
28013
27893
17192
23076
23215
5996
26122
11134
12690
11114
15292
9433
13872
28676
15242
23557
32340
13598
9407
1385
6034
30358
28
31448
7179
15495
31000
29238
24127
16206
24227
363
29036
28242
1858
12191
8346
29558
8327
15556
22786
30291
10603
22063
13314
12444
5639
31520
8057
25650
20781
12897
32738
10253
16025
13925
23018
20328
6003
4823
11165
25959
148
11492
32225
5413
18213
28427
11901
28088
5644
26550
18990
23134
21559
21820
19147
16769
29447
21604
22068
25784
6448
7027
10109
14455
14003
25261
32187
5542
5482
3309
24528
6474
14307
29182
32643
16760
15795
16868
3954
21978
29685
12212
6719
25949
24085
7310
7371
9204
5832
8488
26555
13845
17576
3339
25255
11658
11058
8983
13094
971
31042
24405
20046
23656
7967
32344
494
25034
8261
1903
7444
8864
18870
20022
28160
9187
18852
12562
11705
6241
26039
15167
4102
530
28981
5249
29182
12817
24748
5324
11405
10824
11502
10900
18963
9295
132
4063
31925
28840
21604
4859
29604
20710
8331
31986
10800
23590
3584
18684
803
28345
589
30964
24069
25772
20471
29281
1572
31392
29894
8589
12738
16681
7257
5896
35
32384
23609
14145
23479
4825
13790
26864
3156
21881
15552
12823
20584
10523
29635
5999
13215
23875
24758
7720
22609
11577
30533
11312
24521
18326
728
24181
19078
29613
7365
967
750
17807
21026
9506
25607
20419
182
24567
32393
3593
28677
26532
23821
24204
13894
7360
5647
12717
4400
26080
9424
25391
8926
2806
14586
14470
30603
22857
24282
9878
14525
15953
6902
8357
12579
7279
16072
23560
25072
17298
31358
3743
24772
8415
9732
27932
5827
9037
21053
2555
15250
13311
21630
4511
882
26452
27542
23643
18253
16790
29413
26048
6467
352
2957
30575
19526
4689
1587
4135
6663
16018
3274
24223
17125
9140
16151
2450
4164
22389
3730
22137
6243
26900
6843
1328
11695
2648
19855
28521
14231
4647
25778
10566
17104
29131
27310
15674
13749
16156
30899
26165
16081
319
10071
12886
3653
14304
26304
3164
8697
17658
24600
10775
19259
22253
26279
29695
20496
14759
12965
10453
4647
5387
30584
27952
1603
12480
32394
14115
6323
31320
30675
25643
29771
13833
31675
17440
16163
5214
3485
14527
2612
22253
27996
7976
3939
918
1425
1154
8153
30627
6028
10029
27385
6472
11402
22932
6282
29498
271
14939
10485
13494
8005
10604
32648
10768
22640
14152
20119
8013
30048
27742
10547
30842
14457
26301
26989
9938
18250
22811
6898
29711
10559
22725
25681
9834
27020
18528
536
17796
26191
25540
31017
4021
22562
3067
12852
10624
5144
12294
4878
4230
17055
7957
7727
26559
24529
26978
967
12954
14751
31921
8525
18712
26729
14297
9847
16624
32284
11725
2041
4142
17684
6232
17681
1410
1173
25090
30802
15977
11434
18655
13987
12340
19220
2281
956
10195
31478
29620
32618
6071
24311
23615
16984
13410
13856
10756
17827
3405
31888
16877
29755
30973
11125
20552
6249
10602
21432
14636
670
21387
32575
8038
6219
31222
7438
14456
606
12502
21271
7755
7117
14662
15934
21558
24490
845
16312
235
25015
13043
8240
21056
4327
9496
26357
269
13247
25483
24313
19600
2258
28984
17472
19719
19429
32150
19790
29324
9539
8124
26099
31569
22973
14313
30518
17085
12673
14648
27582
19606
10052
12203
23695
23405
23672
9856
3871
11466
19959
9864
643
27968
260
12670
4802
28464
28228
16467
2666
12842
22903
7855
21523
24311
23024
32181
7119
13759
28961
11279
5366
10586
7459
2471
18149
26039
22144
15234
18215
22114
1279
19359
21360
15509
4883
17114
15487
28569
12731
21050
22766
2489
12936
16209
15341
28083
23209
29282
2607
3190
24277
3279
5827
26487
24782
7802
6811
897
2976
2876
9897
11192
2184
3005
5179
6764
8934
15288
10860
16113
29095
14086
29319
11189
24076
3288
15447
11442
24736
11282
26417
12715
25599
12788
29011
26326
20029
5894
7561
4117
9625
14599
8179
13782
15873
16082
11212
14100
10978
10240
4686
11112
5389
9907
6727
31643
17945
25963
20217
13191
13341
25029
20372
11271
11450
24339
10585
10011
8197
3427
477
47
1707
30164
7960
1507
2739
15954
22910
26731
6185
27368
22937
27627
30080
16764
5263
24809
26153
27176
5285
32170
7129
16807
24649
6273
19160
24852
13991
6437
31946
8619
29593
6849
31862
13276
17554
26217
12899
9440
26308
4894
8297
15642
17466
16646
22076
13361
8930
2234
13118
9701
11972
22882
27140
1896
21272
26152
22823
29992
11632
4987
10113
27239
17098
2728
7132
7197
32638
32134
24404
2321
26546
9060
7336
18865
9934
29036
1295
10970
11377
20401
27737
6047
21071
22475
26645
19364
28884
1617
10870
23549
29438
5415
5061
26112
30079
9413
2768
14960
21401
11324
30108
1640
30737
14803
14264
21831
8296
5715
29403
1830
31230
24223
7396
32706
28850
15964
21501
28555
9270
12982
2657
31218
7253
24849
13984
16042
553
19949
13132
14484
30138
1716
12228
7996
4766
28032
7484
8926
5796
8285
8413
28822
38
20602
8086
18945
3324
28333
7328
8613
23709
30885
15070
670
20633
6129
6855
10431
25136
29941
5935
2711
28800
590
8206
19259
3363
8315
31013
1789
26324
15050
18309
14767
841
12165
29850
28264
12927
15713
20752
4375
22098
4275
21753
20666
15542
29964
13917
23442
20318
20274
20608
2517
14625
11393
12618
491
24401
5473
17778
11838
24305
28214
32648
26000
32625
13586
18110
17211
9980
9653
32065
27159
21505
18401
16708
32693
18813
1521
28633
14331
31903
18421
10425
30615
26237
25667
31575
14893
12373
1604
439
14917
28607
25883
6482
5404
384
6939
15889
22792
5721
3390
6655
23691
12195
10753
10291
24039
31532
5400
11295
2907
7547
28473
4851
10320
28357
11209
20840
1608
15449
18634
11787
7402
27663
320
15961
25688
11650
2971
10687
30863
30622
8211
12805
20811
27681
18072
15602
14454
28348
18182
2317
18311
24068
31590
16750
30866
28311
30142
13323
15259
25922
8099
16225
2087
23615
12557
7441
6172
3150
12219
9251
4256
13028
23041
24214
25010
4279
29674
9675
13571
28823
27527
4710
8482
18648
4984
29394
5200
7066
32505
23658
18257
24984
1302
32734
28305
4833
32375
12786
13296
19411
2721
19678
31368
16928
7949
6062
7769
20449
28962
15309
25548
24001
6215
25492
12940
28295
6704
30578
12126
28878
19184
3416
16097
283
23791
2646
14978
2114
6517
26334
20795
19873
20682
20621
15985
2288
12533
24111
10049
20406
9390
28788
19258
13350
21591
4081
20771
9591
25697
19401
30528
12023
19466
15145
20837
24317
13858
24648
7795
4659
13456
8670
16419
24116
30229
5165
3773
28246
11221
25531
4190
22588
18713
6029
11207
9806
31024
4263
2582
7678
12441
17070
22748
20791
21667
19732
15523
24712
478
31328
31386
8326
8693
9984
26739
31751
7861
3710
12538
20139
24429
12818
19656
15413
16780
31946
14324
16527
30477
12731
15663
3233
3080
3880
13298
2329
24335
2768
31131
32601
18014
13511
12133
25386
25306
20994
25039
12449
16134
13669
22579
6883
15598
23606
31673
11600
11769
19048
7837
24568
17169
18699
17850
25527
30158
3823
21778
4362
20347
14026
12113
11366
20310
26325
19992
15327
31792
6815
23995
16697
24161
32523
145
4114
17262
25325
817
25100
6838
14218
1651
23005
6587
1026
1557
5957
1542
6086
21043
30835
19751
17814
17137
6152
11858
21788
87
20660
15876
18651
16494
1940
9524
2483
11364
24064
24564
27706
3240
12493
1639
3371
2771
13134
18178
19715
31410
12600
18793
17850
25349
18965
5133
22590
28068
23499
13870
28527
28088
20771
14071
4203
12494
31487
30425
10471
17762
28564
30019
27932
1465
19066
7699
468
27785
8422
27640
19320
26534
17452
2664
20223
24120
9780
25241
2273
29746
19329
31209
32505
11455
16593
14742
806
29651
6681
1759
19810
28093
23502
22326
13006
21740
27644
15624
25953
4373
5018
1112
14850
29810
2636
8140
1772
1225
9089
16978
28978
29392
887
8675
767
18369
23406
2722
12840
29620
29810
22030
24676
23121
23266
28281
4269
30355
3710
18532
11393
6470
11660
24713
29745
1904
20988
26298
12478
28232
13509
16604
17145
29764
1153
27428
17666
8099
11532
23979
5383
1659
12258
13233
13845
8502
18093
31617
12908
13429
3085
5805
18376
11466
31848
13286
12715
29260
19270
19159
10172
18480
10248
21995
17535
17147
30323
10791
21664
12936
16578
19182
29830
31545
628
22202
9630
30569
11759
31692
24366
15040
9884
24096
22042
29906
6870
23196
11715
29051
27431
22521
2081
23747
26919
23366
12176
4514
13446
29971
32597
19727
26572
22469
30909
28359
4004
3199
4992
22459
17853
25932
9532
13188
2679
28127
28579
20741
4497
30566
32465
13062
22021
12878
9067
28805
29578
1045
9233
9628
23927
17789
15272
883
20758
18540
24412
28765
15744
24898
22509
20773
19838
1864
1612
16116
26137
9121
1021
17899
24016
10834
8966
16391
21784
18616
42
19770
293
11135
21444
32628
26701
9854
7510
2352
13481
17990
16624
14387
16593
22359
18315
28155
29278
3190
11092
32514
7763
11590
23463
14120
8327
30500
29969
26587
6534
17481
2916
277
13661
19468
11993
24976
1251
17799
31119
1677
20911
18459
25807
12833
8365
30810
6854
22220
27468
31530
1545
23505
1802
13243
28476
15495
130
24239
15371
26652
10407
14507
101
4610
28088
1430
20639
2055
3298
26000
8030
17410
27999
6927
20940
30565
15170
8114
19676
29108
14753
29163
7785
5669
14845
12246
18744
5953
19536
25588
15715
29028
25370
6032
30262
239
27409
22999
12717
12418
2153
30162
31551
15957
30185
20061
16107
471
8233
22647
2415
4006
4763
19684
12448
27233
28774
2092
5266
11686
10361
907
22421
18070
6696
8142
5639
16006
20202
23668
9790
17730
13474
14882
15995
346
9571
22481
19472
23029
17661
15342
31907
20982
1509
12528
20478
1635
8193
10037
8213
23387
14656
2541
16803
4203
25067
14679
32431
6941
7701
5511
2045
15814
21846
18825
7070
2196
587
30271
20274
25754
24697
24563
26952
17973
16670
16245
10575
5423
27800
3106
14003
20009
17361
3853
15904
25108
13399
17462
5103
16257
17967
10172
28319
8925
17275
5225
6826
10221
17241
31267
2201
17189
7435
619
13003
3966
28235
13909
23544
32305
3591
18782
1024
4912
1699
9233
6193
23072
29416
7344
32211
18891
9671
1712
29353
3046
17895
20531
13533
18673
24134
8795
28906
2875
20213
21136
17390
24274
4822
3292
15476
12503
5397
29568
14814
18582
10511
28924
23804
10891
7966
27965
11940
12553
24916
24859
8828
7654
4641
18086
12631
23245
3242
15644
4632
18541
21404
27824
7777
2388
10232
10153
15122
27762
4353
15630
13474
16623
301
27326
16697
29716
3320
25704
5273
3886
19640
27219
4460
5045
19739
32676
5651
10079
18232
11603
3030
20757
12727
25973
15096
1503
19016
647
11976
9739
11807
15017
10285
18499
20041
4483
30471
13005
24029
6322
21717
7749
30804
27327
3790
1924
31028
3179
11811
29747
31010
12842
15372
16750
2528
25146
19407
10229
3889
16127
16179
18527
30945
32442
16018
32752
20064
3478
31672
24489
15794
9441
27843
5207
24843
4650
26547
8560
2974
22038
26209
1576
14866
2064
7216
701
26534
557
8567
5384
2327
9759
31469
20414
9707
18382
15200
7041
17633
26518
6583
2914
19729
2045
26651
18030
12897
3267
26981
29378
12695
23383
9803
19792
17853
29316
2197
6165
15567
9839
16718
30142
32669
11221
21578
30407
32712
2445
31451
27983
29276
16077
17992
2433
4007
22632
29690
22550
6223
9164
13892
9128
31097
12894
11835
4010
27311
20102
32022
26722
27983
16828
23925
26813
28454
27426
13912
8210
25671
9526
20447
2051
4532
13210
5435
20616
23667
25115
18661
31882
23091
9104
6245
19926
20272
28592
1818
1505
11841
13095
14749
12576
9475
28207
20027
10221
15531
24650
22091
1986
5358
7322
31072
28343
6544
25131
9124
19356
22893
4524
24819
1927
18457
25219
11692
8382
28541
5731
4767
11780
1359
9724
30532
5353
9720
8877
14347
10356
12453
31820
24225
14891
6583
4072
14779
10569
1400
20968
10741
27384
14869
3009
30620
31201
19075
10090
32757
30993
2422
31111
8211
3625
12100
5945
11927
28644
7343
21731
12458
8403
2883
27992
4771
11121
20099
1139
17872
14933
8665
646
10577
10622
28929
15176
12874
11000
32056
18077
1351
8523
4947
30382
27260
13236
30879
18043
29293
20504
19959
32469
22126
23707
14354
15552
24721
24823
14736
4307
2686
27869
7266
29647
19873
6851
26524
2441
29168
397
26529
28476
18016
4216
14800
12640
24730
14493
30667
17234
6265
17557
25698
9913
14854
11962
7880
16082
4908
22876
28017
19214
2677
27634
17531
8863
20502
16921
24800
14875
14246
12399
1950
22039
31844
2014
16112
15185
14923
27274
27300
18385
25223
26678
22672
18525
29740
28794
13281
6902
1395
12648
17508
11634
19615
21259
21530
1798
31140
3535
2236
10394
23894
7479
26551
11682
4187
31395
1944
1466
18500
13604
4476
14187
19600
17984
5186
25994
4640
32731
21207
3901
29342
19430
12508
11536
15374
2740
32639
20668
21505
1622
4056
24288
6077
17252
25811
18745
10649
27331
24995
15996
10675
27472
28458
8315
4294
4974
28351
6045
14591
7399
18518
9295
24439
7008
9848
8669
25209
4005
22795
14331
26752
8343
22080
11878
7072
1704
32676
221
6329
30123
5078
2300
27710
1047
29568
6296
11688
19441
1425
21196
31633
6178
5459
23699
13793
3757
28790
3711
5795
9153
30302
23518
24904
5097
6030
1595
5364
25311
31186
30339
31975
22570
13534
30712
29718
3431
968
2553
1402
12522
7181
18327
6787
4976
28194
9767
231
32735
16858
13600
17830
8915
1723
20832
4503
21852
6157
32018
28405
25813
12981
17160
18586
26102
25923
26441
9407
7396
9079
17736
28606
12809
2285
28585
4195
19281
15025
1561
4655
6754
18856
13869
26670
2233
7941
11963
21793
601
22889
24036
22114
12143
25429
23001
8845
392
31255
9340
27019
13065
26888
20650
12423
16857
14908
24823
8519
11515
3996
23413
22141
9049
7658
22128
19762
26573
19835
22187
10562
13789
30010
24879
11446
30909
6779
11561
24404
16411
9776
2055
12654
226
32314
6113
13740
22158
7875
16365
14515
7677
2082
25212
30891
13073
28730
17229
1674
175
18333
6479
7349
30805
16642
19327
28399
16157
30355
24184
20622
20297
12843
28091
22263
5926
15695
8718
3950
21278
273
3536
442
26314
2698
16902
8380
10144
32667
14014
5449
17644
245
31569
25512
24881
3564
5103
2302
24604
7672
27877
31248
26799
25447
11421
3903
17011
8852
13024
17080
14085
7225
2404
17487
28753
5820
27108
1670
24457
3842
9877
6660
373
15528
15495
17513
15869
7202
29336
205
10186
32724
29444
20269
29894
2700
32676
5726
17594
20478
26354
28708
13795
8810
7339
6081
5924
21469
11789
27445
26219
4853
22999
31420
20364
27829
10838
17920
5797
807
6266
32148
23062
19934
16758
14274
18928
1771
7253
2337
17619
4611
3106
8086
21903
28128
30745
5546
8133
15756
8932
23761
31741
23508
20511
22715
16424
6131
5823
29075
15134
29651
9943
2420
6195
22613
6087
3584
9122
23797
20969
31513
20974
4034
10427
12098
32111
23273
4501
10475
8905
5005
26711
12183
240
4163
14920
24228
32029
23504
4886
4352
20328
730
13103
25937
30944
25592
6181
31712
24929
4060
20763
12949
12475
7058
29791
16516
2439
10232
22790
20356
19082
159
9676
9266
27968
15500
19788
21190
13779
13315
20777
32254
6526
23343
2757
24080
23631
29739
26312
22725
32635
30049
32391
27422
13066
23040
31556
11584
10625
28884
31184
17738
2151
24976
17516
3088
4610
10735
2061
30648
23613
16194
9349
8932
28291
27634
26263
24461
17041
28378
17577
14262
21464
106
32083
18506
11392
12221
30874
4432
7164
6400
17983
29373
2494
19069
23285
7159
15334
12488
23158
11803
16207
20301
9583
30611
17408
14849
19241
4507
3540
28165
15891
10285
32593
16339
26351
18229
31334
10335
1372
14341
13158
14699
4990
14760
12707
12748
502
920
3616
8283
13178
20137
5453
22534
31081
3066
10503
4775
9723
2623
32374
5408
9010
11141
10740
22889
15279
6035
21312
3759
10832
13653
30220
22697
13559
26375
13350
25121
5840
30762
18857
15701
30070
20605
14379
30232
15712
24338
9870
1444
6071
26219
12797
20024
6383
12605
5812
31563
15592
20781
30437
27016
8166
28643
10932
20466
5107
26482
16169
7869
617
27724
30229
17535
18095
26784
25055
21311
25565
30978
7260
29955
14637
30239
11498
15604
21995
31124
7165
31210
27840
3806
25103
23329
21694
12791
31432
19797
9163
24070
7992
14181
7636
9028
5515
3051
11725
9025
9498
3276
20102
20317
19858
7897
7682
18153
8541
6338
11759
28029
11547
7372
13781
2010
332
12967
2038
16125
7905
2539
22135
15598
6664
2331
3153
1044
12623
10554
16507
30329
5082
6316
22764
9693
2479
31203
27787
30837
10726
10942
18631
30964
9594
31997
301
20335
19512
12060
2965
9789
9731
23162
6090
30733
21117
17001
27575
28648
14142
30794
3762
32075
29373
5482
24882
960
23288
9851
3082
16758
32692
2053
14023
13704
925
19905
7015
10929
19544
28261
10829
30842
11221
3935
2933
10629
2291
1474
12369
5423
21926
18149
25657
997
17971
17212
985
12316
9985
12314
13411
1524
14698
16051
16282
16993
19941
10000
12075
27945
28101
29864
20947
23269
32381
4586
23782
16423
9208
32485
20229
15425
12387
12392
20803
18439
23381
12217
5650
26070
27540
21280
29480
11046
30486
10821
1828
26282
24714
5854
14053
21287
7956
13073
31614
22619
28397
22475
29167
12246
19667
28403
16234
15450
18647
8680
2668
2209
29724
19271
6997
16761
10837
26285
3410
10968
32409
18819
366
6921
23924
6832
13026
7623
12731
29594
346
17084
4834
2335
10923
16915
27603
22291
11504
22791
27654
4256
9732
20255
22270
7128
12403
1397
1287
27327
22654
20251
8451
21928
2485
16506
9175
14324
14284
9710
29763
5533
10395
22888
16981
14253
2795
6872
29379
27321
16154
5826
125
31269
30865
5801
29003
24572
8632
22335
24290
558
7558
22403
25317
18315
7866
186
14707
22524
28781
29554
30239
561
314
154
27429
29096
21962
21351
15076
15441
4799
5438
7107
145
26967
6809
32072
32669
14953
13585
7007
23023
30422
24215
23040
30827
8006
25188
2975
23967
5168
2019
13418
14343
25147
6854
2061
10584
13360
30003
30782
25562
19886
774
10668
24528
20519
5924
3414
31670
24019
14772
14846
26248
19153
7340
9722
30788
11653
22806
11245
18507
30324
31877
21047
2141
24308
759
11808
10856
14031
22492
27921
15948
21929
5379
1378
8819
2437
28347
14418
21430
4189
1969
3043
14743
23283
21270
2103
30906
5950
4388
23298
29249
8101
9248
8280
28877
28097
2509
23613
12737
1059
13189
7265
12966
29792
32646
21684
28029
18313
30945
216
7845
32137
5513
11136
2077
16485
92
13607
8976
25342
28602
22706
5746
8440
5942
30561
21006
7429
10811
7911
615
8458
24747
12633
11551
8126
17467
30481
23718
10447
3235
31033
29087
28599
2660
21795
8699
31192
20418
5236
23783
4098
12394
4063
22560
18274
2262
1172
5976
2912
8633
11441
32624
6181
17259
24942
19362
24025
30259
10525
27722
32360
29207
1934
20972
19355
21715
8901
22326
11379
4800
12385
9248
14196
9155
23483
4148
8063
8978
4105
6303
11808
1573
1820
4797
2645
8263
15348
28788
5116
23661
32095
22574
23953
32188
2349
0
31129
10390
19738
7921
16075
4976
1080
5434
228
467
2649
24364
18141
2509
8621
4261
20706
28401
2706
2286
22019
21416
19593
7924
32678
1113
29928
3259
21610
8712
17845
25479
25071
3731
7784
4718
3601
30281
17171
22701
14819
12331
19215
20143
17275
23029
19500
4960
31135
13086
11057
22912
2762
12285
25398
5496
10063
2618
21494
21705
19776
8832
32730
7717
9912
1723
19470
9044
1199
15009
13874
13270
12307
13386
25083
21354
10621
14893
6992
15196
19744
9623
23647
28725
8482
21620
27516
6681
11824
11812
16939
6980
99
11428
27299
26532
20928
24792
488
6691
24170
5606
14955
25322
9025
14200
31452
19711
10406
10970
19468
13654
32604
19537
29987
22160
12225
15105
6471
14064
9006
15259
18356
14320
26139
31259
11963
25112
2161
22996
19768
9618
9424
7701
15775
25582
31644
21684
16029
11535
2140
30091
26760
2901
7623
17116
9847
3303
26951
15471
13051
31994
11081
4070
12956
29853
13388
28366
18543
24568
19221
15380
21345
4973
17256
23676
90
31613
16959
29724
32365
369
2432
3938
9530
18410
2503
15169
16946
26437
3203
2582
15987
30076
17361
3094
3850
22235
10660
25012
17148
30589
29443
23152
3902
24082
23492
21797
31001
22704
17287
4903
30787
24638
17655
24665
21520
18649
18593
29390
17374
13710
6649
2042
4523
25735
12460
6175
7470
19735
1586
18739
915
28071
22063
27897
7929
29846
29908
30948
9256
30475
10991
18862
25857
30560
20700
11929
25589
5894
21316
9724
5072
16240
10958
28501
24612
15872
20227
23276
789
22324
8716
29072
5433
2936
30194
11343
14014
30574
28426
18165
15981
2149
9505
933
10951
59
1217
5934
11372
8127
27996
23532
30297
27273
15344
28456
29902
18913
5903
31567
8204
25582
19900
23061
14835
421
12337
25446
9083
2386
29583
21322
1945
12833
8778
6048
19974
21392
7794
15329
29048
22391
25101
16749
26854
11530
19423
24373
1336
4095
10668
25295
19628
18363
716
4363
12090
7602
31440
24071
15031
26914
14530
32514
2829
22083
25143
6555
1392
9124
32150
18578
10840
11715
10439
27063
12773
30679
23847
12677
15620
31763
13123
9816
22801
16893
4099
7764
9210
24110
21626
4485
3446
30576
1925
2407
10122
32389
32393
5709
13782
6485
9779
23212
17053
28974
20030
5800
6656
14188
30324
10069
5788
18035
12077
27061
17339
30349
4311
27552
19195
24140
10706
2608
9519
28569
20050
22053
23486
24575
9779
2848
6277
24348
9735
18906
19803
17514
23739
23969
16779
25824
24271
23280
22817
28019
30641
22773
18519
13370
11168
13817
10867
18629
4807
23497
18370
24703
19965
29347
9557
1849
21509
22269
16617
12822
10729
28848
30627
1033
7383
5504
15673
32599
3619
19956
25610
18788
8956
29562
28098
29024
13773
18627
4937
19841
4128
10016
6217
3578
11047
6135
31688
30291
9592
1537
12261
15591
26791
4677
5386
5679
16963
15861
31627
2029
29367
21738
28844
7765
14931
24012
21288
5123
143
26923
13382
13331
13156
32552
5451
22002
14353
26692
14580
3435
2011
31788
18003
27243
12205
29986
9449
25496
3231
8495
3377
18472
18445
21233
23963
14599
29875
19896
25298
20184
603
18597
5792
24827
3357
25387
23674
16489
31328
2692
25992
9505
17202
3846
31036
29922
23266
1587
28656
10611
31093
24990
8630
17606
7948
27937
13941
31534
32070
6987
32035
14529
23136
10276
27731
5124
25215
24769
16751
14288
27643
18648
29787
21084
28390
30268
73
7620
19120
26883
16286
11689
29495
15616
25307
28552
21351
11106
24357
552
2677
3748
17984
2059
6447
3198
9108
20753
26625
16215
13360
27744
4191
28768
23023
32456
2571
18691
7489
29207
25108
22441
10426
9708
25651
21439
6543
10068
24183
31366
28568
17003
267
3748
15372
21653
317
7469
6831
26695
7877
15521
7103
6391
21369
32212
13698
18778
6339
25682
18361
31210
23362
24559
10339
14136
30717
5488
15939
6362
4760
17782
9260
18410
26147
28639
23894
25471
4789
15039
15030
18069
19471
24994
29254
24493
30962
30070
3661
27806
11246
552
10737
24096
10609
28363
24696
22348
19629
26417
22670
5473
15450
13530
16859
4419
18192
16852
7218
31702
29810
5901
6026
17289
18049
2656
32680
22897
12614
23417
1003
8959
1032
13298
15330
24707
32211
20892
2049
4397
26910
24225
11916
19069
1502
13563
20383
26929
20326
26911
23579
8736
12549
5525
39
3158
19991
23586
12228
14118
5640
11027
20971
21622
20111
7876
1994
31166
17468
21998
13977
5489
24564
8054
21570
10746
20220
21849
24576
17828
16707
1018
15455
12336
11650
5608
16728
3767
31661
23320
25606
1846
27278
31720
21660
5612
22145
10161
4865
16848
24885
7976
10677
14754
23798
30221
23042
12190
11247
22817
29615
9169
13348
592
24741
31484
28872
2667
9201
15230
30146
23990
8701
17820
1601
19803
26167
23906
15333
23426
12112
24282
13206
27040
5015
21816
32336
16286
1959
5867
30892
14354
3862
29109
6505
24268
26616
20509
9730
4384
29844
21634
9104
23875
22301
21348
9208
27707
27817
4648
10250
9055
13602
14575
12693
19107
24445
5113
19306
1788
22305
2677
26257
9043
500
24216
5215
12795
7376
3208
17795
27792
12480
24915
14873
3783
29710
15996
9506
1882
7990
4374
9765
27176
32409
30537
17269
31038
11077
25487
104
16530
21319
26716
5273
30251
32115
28661
26281
7390
20936
22906
27315
32524
1886
17334
291
6327
28086
10231
4955
31977
4753
506
1504
20023
1283
23453
14519
10369
3824
32091
31875
32546
28061
31010
16343
28510
9180
4159
516
18853
33
5152
26606
29079
10897
8802
13466
1590
27619
9787
23669
26116
953
28756
25745
11994
7285
10073
30791
390
21252
26453
9604
22299
23589
4266
1082
16316
29749
24628
1095
597
27378
23153
4450
27505
4389
8925
493
15543
19735
22228
18858
3907
31279
14445
21772
6876
7117
21229
32521
409
29773
8860
17347
23271
28037
22204
29468
11207
32429
945
28635
13282
27196
31561
29403
10404
20808
20798
22246
23632
14739
6828
31172
934
10775
19760
3889
21473
27004
18496
22684
32529
4966
21421
15613
16033
15712
29133
27294
22737
953
8842
2670
8849
18355
31775
651
23940
6979
19492
11557
1653
19245
11695
11831
6100
23304
22247
14053
26235
4291
2180
10042
27526
8564
6133
1503
26344
27989
16959
15411
3844
19457
21912
5518
5175
31563
28874
17118
3941
5674
11861
23872
24391
12181
20244
2398
29233
22143
24539
13117
2452
27894
6025
19747
5454
1497
15409
5190
16737
11683
13703
18328
5039
4409
452
2304
25224
14344
6457
29200
17156
21975
20915
25379
29800
20808
10164
7652
24554
11035
11955
3480
5347
24627
9570
19097
31682
7445
17407
19549
5309
4852
18111
2271
19534
12796
26922
14221
15085
32114
23702
13010
32178
26005
30135
29958
14091
24537
18996
40
19105
7250
13078
5569
32474
6256
23596
23493
6354
31775
8058
28990
8881
1508
4558
17797
18479
30605
8013
3489
17448
10780
3955
1612
19574
12927
4337
1253
10863
17928
4061
18635
14568
29964
15734
3751
19440
22784
19450
26578
16349
24594
11116
15124
25675
25683
18321
17412
23447
8120
12354
16712
15760
29179
19643
32705
14357
16590
4029
16436
13628
2216
1602
8961
25656
1538
7875
6704
8002
12471
10623
3361
9211
2685
19364
27643
15614
19815
1801
22161
16151
17770
2701
7595
11930
14165
12308
4637
31689
15253
30268
4211
56
28427
30669
26286
21404
9143
29554
22266
8412
32385
10911
22258
17047
10914
11236
28002
15422
4812
30316
24344
70
415
24807
15778
4208
7655
32606
7468
518
18187
28300
18260
2143
4650
10926
7015
16365
12439
109
15517
28499
3238
1756
9529
6952
25096
31523
16111
21135
12755
17999
2497
4922
695
6663
27545
4643
23518
21204
15787
30336
29991
4188
21288
3011
15816
5610
18502
19134
32709
18446
25068
3312
24029
4809
23002
29110
12746
7949
7036
8758
5233
6740
27275
20201
27142
3568
23648
19163
11661
12461
23416
17209
29525
28927
16975
26932
16628
1893
5737
2179
8280
14140
10841
12719
16926
27877
23757
11064
30434
21666
24112
7530
28572
16393
32177
11864
25338
5651
16920
6030
31747
27454
4964
18080
4758
27740
5703
10219
2548
1269
16884
24306
30497
17847
26270
25683
1826
25530
32360
16518
16402
22355
21319
13968
10698
22566
11747
22831
25241
24879
13745
16096
10531
20683
7185
796
19964
30876
9218
17706
19379
14057
25492
18705
14860
17107
32127
5488
2207
20541
24384
10333
19294
11898
28636
31572
8890
10802
31211
7680
4788
2781
22373
13988
24060
19173
2409
6042
2882
11633
4150
24497
2213
7492
29708
16497
8985
13015
9890
6700
14273
16024
10322
22026
21464
23616
25242
25958
29814
23163
19585
32274
1367
14800
1398
8309
10479
15171
12033
6995
21269
8422
3674
12498
19961
16449
25152
25255
24360
32153
30566
540
12808
11144
32053
25965
30658
32036
21012
16763
7060
18776
28656
20677
1915
23690
8584
22589
29309
15796
13823
17855
12763
9248
25068
6125
25674
5867
6723
29366
20864
18196
31562
23771
11380
8724
28242
11154
15439
31517
11537
4376
21434
5488
27463
16368
14435
21224
19647
31974
7400
7966
23965
19199
15700
18681
29031
5558
20570
21535
20114
897
28942
2155
17841
22044
32757
27074
31074
20806
991
8191
32749
10244
28954
29904
11381
13101
12595
10409
23261
30
16425
26519
7472
23539
15652
7195
17009
10951
32162
28818
32372
13526
30629
12911
6425
13903
1882
13608
1129
9820
2692
24063
6180
471
13379
15902
6358
26291
25085
26527
26510
20249
27551
26273
11617
27929
2260
7031
32039
29472
16116
1645
11576
2033
6809
19577
18302
4598
15000
23947
21447
27927
5197
22448
1119
20203
4497
12601
24413
5405
24526
15644
18947
7283
25207
8546
2913
10408
28303
23517
4140
28744
32362
9517
15588
10816
28428
3543
833
20859
25641
21647
8833
3888
24672
23100
8998
29364
14665
10103
13695
24092
16680
19671
2482
31537
10376
1788
15537
32006
2536
14363
14795
2228
17073
27754
26126
19911
85
2376
19532
27694
15827
17512
23208
18112
24236
15263
31544
15112
12929
3492
28152
1833
15354
2109
25762
248
23541
31525
12855
18730
7817
28994
647
22684
28610
1210
18446
18572
20351
26734
11720
4686
8186
18893
30920
19489
1355
6594
16331
31457
32006
19931
14816
12263
10868
13427
11931
25257
12376
12875
7590
16810
31089
30280
27978
27391
1997
24720
24151
12769
11933
11480
30508
25143
9446
30406
10515
28220
31421
4136
27346
27174
5483
32396
9662
25316
28846
21651
20237
18437
8906
14253
32006
3155
31537
23805
1678
4811
24569
6340
1048
3660
6860
22924
1536
133
2779
26438
16709
16866
23662
27655
8721
10045
8208
22455
721
21070
10806
26349
2027
2129
15324
28077
11521
25744
9552
25394
15166
11596
13378
10080
9115
148
32229
16683
11026
16364
31026
12083
1632
13642
21565
19260
28880
23410
714
22343
22203
5044
24106
9492
21622
265
3554
9422
3774
9895
11543
31251
31899
20914
3503
27577
3979
25409
730
8810
1944
18893
23541
28687
14523
27802
1448
13697
3624
6909
31329
15282
12498
30175
8156
30446
6896
30764
28697
17028
16167
14933
9028
7126
17508
14725
17681
27495
2124
18816
14198
16750
32685
4563
13792
20120
8998
11349
12963
1502
8624
471
21
24496
13107
2790
10831
19590
25234
18125
31441
6198
15711
20479
18750
9358
4467
3397
6148
2085
13082
17786
4554
10625
23491
26653
29677
32157
14012
22571
15755
11935
19708
31249
5026
31950
27703
4934
1152
24995
23000
3015
4284
11170
8325
17940
26894
20890
31910
10518
15918
12977
10328
29734
11163
12510
19308
8843
31488
27487
18397
31477
12475
28815
26634
28501
7820
29648
15192
29389
10772
2522
30795
28875
24483
13784
28081
30381
3596
7640
9324
11261
13523
13822
6345
5241
25633
10496
23617
30081
2156
26441
10817
2583
7721
11869
24664
2641
25276
15626
7837
26642
25786
32483
9537
4115
13935
1532
28669
3324
16188
17152
19086
15866
17850
16529
7353
12485
5573
23836
19736
28669
28263
8484
7055
11329
4922
18308
22420
22179
8625
22596
1089
13470
12400
4056
11273
6203
1170
12537
5734
5499
25933
17553
11535
2876
12345
11836
6016
2837
23198
31555
13435
13730
5166
23706
641
32700
19963
23589
18124
20506
1868
12658
16714
4515
23761
23540
7119
30279
6386
14382
11224
25958
30206
12729
3854
30698
19449
19259
17950
4085
23506
5390
28332
22077
31859
4042
2595
1502
2393
14145
27469
16207
26950
28919
15751
12432
32296
18153
4664
29972
26818
766
9540
23369
4022
26021
402
9529
15657
31823
2610
16068
6551
18010
17712
18095
4403
21027
16104
4860
12557
29892
173
4680
31121
18796
3553
476
24325
28818
11943
15277
22037
17205
16154
31914
27477
21139
24770
20814
1045
6232
13928
22681
15428
17308
16330
21965
21914
29205
23013
15902
3728
9736
30506
14318
8667
22276
19717
17498
12753
32711
15993
10858
16991
7072
27480
13080
25211
23104
32388
1730
27415
26038
19514
19511
18554
4391
3767
4562
7141
23592
10638
6109
4934
8779
3538
31063
17560
14958
26685
31662
6233
18266
31874
25152
16276
27453
10991
20898
31732
24432
31027
17771
8038
28273
10820
24649
21767
16311
6951
5267
3221
3793
93
14076
10383
12062
11247
15844
25731
9919
31138
19398
1490
3697
21994
30302
2039
3920
19757
28496
14587
892
11636
14032
18021
18828
1529
8803
31065
14454
1726
10998
13502
4233
15901
2210
26255
2836
20186
1604
19501
18976
31632
8351
14438
9460
25924
4894
28361
31100
651
26415
24814
506
31387
27903
23169
30029
6982
2819
29101
29359
10952
26075
14916
4259
27345
10831
28067
31610
23770
22350
8610
1262
21474
7630
12567
10667
18383
3856
28293
4242
13362
3672
26334
16843
29535
19943
3811
13895
18987
29459
10872
1695
10099
20286
4639
16516
22819
19842
390
31770
10628
232
7700
21175
23829
3207
6447
22372
18168
30005
883
16291
9749
16624
19458
32546
27563
28362
22618
9804
27096
13406
27291
1557
11753
14210
8812
12046
19451
14388
5457
26469
5833
14443
2394
10636
23286
23221
27846
11299
19576
836
28138
19379
10914
30571
25425
9760
19826
13519
3405
5560
12278
6084
15885
7612
28751
2938
17597
14762
928
3324
31433
28889
4893
6377
32724
20208
19392
11586
23215
12873
26335
18268
25117
8871
18824
24819
1397
29897
20527
18676
15746
4253
29314
20511
3969
16469
22279
27102
28118
8921
20674
19764
7230
18067
29486
27550
14048
17989
13834
28768
23171
17039
10639
31840
8309
26935
31274
30246
28215
14811
1049
19199
29264
31532
24906
21955
20434
16654
24808
9889
16751
11121
24594
28711
2586
12855
8424
16154
14416
11814
30204
19366
4382
21526
26612
26475
22139
24881
15916
10967
32646
6700
10312
13701
14004
4349
28726
13959
18576
20453
32210
6290
11960
13718
26362
30361
12185
28036
20482
15796
2286
15672
4730
9753
5714
10734
11027
18531
29762
3857
327
15284
20663
290
14338
3882
29738
13880
32
19765
27546
19390
25556
19485
17228
14188
1997
11655
13246
16454
27545
13044
11835
9383
16246
1196
6910
28896
20274
7147
26708
3014
30983
18470
18711
18501
13636
21545
12132
18077
21767
6983
6573
1008
19142
7174
27072
28648
3935
31342
16460
19287
4511
29938
16795
29595
6089
8131
25701
21934
22370
16835
2770
26217
24068
8647
20823
6340
8118
5056
31267
3155
19047
26999
31589
16730
11872
15698
7679
4660
3575
6822
1631
28994
17458
21077
2109
17806
21701
30858
2480
19543
20655
26175
31078
15486
9261
17865
30794
23367
32090
16640
27409
30800
6463
21709
20236
9539
25277
578
3231
19029
28054
13235
25889
8069
15687
223
20779
2384
24799
21770
20438
18279
30209
25509
9878
20633
11023
4357
17640
12360
16335
23859
15376
17128
26604
7112
4024
4380
1584
27415
29274
8670
19236
9673
7715
21156
24581
925
24166
12247
3448
31861
18424
14013
29987
8195
19832
3992
12205
6007
21550
18958
8120
31587
3608
20473
6191
17822
23053
4252
13533
27025
1805
26612
24012
16265
693
26627
7379
17952
25603
20224
11790
32525
5852
1075
2983
12163
28320
5130
5489
3015
31711
22341
21146
20010
12271
26228
31069
27639
31889
10001
2669
2808
22831
19633
1715
9067
26005
16924
21539
3875
1130
11619
17043
30168
220
10196
17164
20645
29214
4420
25674
10764
27123
3195
20518
31426
30747
27195
29834
28305
7488
2078
29472
19021
19939
19415
22908
2101
2319
30869
11036
19642
21153
22845
16766
30199
25576
27521
32457
26616
25830
31476
14842
5639
31157
20851
21009
16762
10854
8015
25821
23080
19598
4390
19284
9609
31213
19176
18980
8896
21315
2771
32696
22958
16622
2143
2095
22815
4479
7768
20069
21855
29121
1935
27204
25169
195
19161
7284
10501
24902
4849
25718
12670
3683
15274
28015
960
4520
14083
15495
17191
21293
23166
29900
6299
24339
23384
507
30856
10882
29848
13966
22712
24210
5550
29096
18228
30627
6349
8981
6389
26303
15626
11681
307
4967
1685
8569
31640
18997
15781
2482
6669
21516
28947
12187
17242
31659
553
9998
23324
32494
20005
30765
9231
10982
18324
2262
23220
26529
11610
22446
20555
18566
25932
9444
4690
26224
10865
4916
28316
12094
21889
13718
15382
29587
3195
22781
3389
27100
5729
401
5039
10182
32033
8115
2317
23208
1817
29652
6154
17140
8583
18157
30758
5757
18447
26257
13483
15590
2434
29136
658
22638
18053
11982
12363
32696
17790
25003
21449
11629
19495
13663
15569
7461
4687
5359
2881
11931
29928
2319
30611
31309
4034
32680
13000
193
20133
14414
30549
22259
28705
5040
2485
6646
472
12754
20648
6121
5314
20510
29864
28098
18550
17731
14065
10301
27874
26331
13138
10003
6201
10559
3657
387
5521
26041
28887
8095
31088
22747
11148
22755
25711
29408
20051
15834
10597
29631
27376
12983
5705
8378
7731
18836
9821
4776
21932
6613
14412
27591
412
16234
4193
11747
5948
23668
20512
11974
9046
26774
5987
10958
10803
21204
16578
8082
17126
32144
30707
5616
5985
29069
29646
21023
23334
4152
12713
14316
241
466
22219
30140
8069
4970
6102
1339
17153
7164
30837
17038
6669
6687
19843
20041
6916
4815
21131
2049
24316
8540
17888
12662
18128
29561
20419
16410
4678
29052
10802
28312
3422
21481
7639
4509
2933
22539
5257
18226
29303
20521
24677
9142
20544
7816
8986
15532
30157
12779
11602
2601
32155
3357
16061
536
9725
27596
31300
9043
9615
10144
16845
1388
5121
7022
16231
21684
13011
16850
16224
25734
22710
22301
1133
7096
8243
29549
17335
28518
26324
22202
14511
21181
6278
29214
13535
5988
24125
22110
10575
27544
13907
20680
21882
32570
2240
17465
667
32355
21136
28823
356
9638
11171
20661
4349
21025
31969
6141
21452
27293
12091
29941
22634
17629
28411
4660
13779
1620
21716
29181
8425
13201
2285
30906
3566
4807
19742
3035
21597
23752
104
13074
25484
5098
24158
3726
8773
31696
20978
1994
31040
29459
29534
9079
19567
30618
23674
6821
11131
23094
14272
29488
25138
28671
6298
26884
3284
22265
25762
19800
17894
2244
1722
27034
12191
965
2758
16408
11225
4398
29648
21419
19422
1970
17218
19014
294
27703
3411
24249
20160
30523
19934
24276
23084
13004
11283
8747
4325
21586
20114
27203
23279
29844
18178
12430
24360
5710
12280
6450
1286
28156
29918
6390
18236
10211
5746
21830
6816
22394
30190
14516
13862
22591
25078
26207
13573
31888
3672
22624
2892
22502
11801
32147
26007
14486
26107
6797
19577
16331
11363
7923
15957
7115
25236
13422
10637
12067
26855
3502
14204
23180
10192
16535
26092
11212
13875
18499
6781
29068
1161
28729
25425
3280
31275
7734
30701
5367
2558
22462
14815
20117
13793
4826
17355
27659
15252
7079
217
746
29517
6958
4306
26605
15381
947
3361
14660
4259
29722
8905
26293
27803
13031
9733
3064
810
25397
18437
22541
21719
20942
14360
29211
29582
29783
10504
20320
20379
10013
15
18531
25095
11315
13600
28196
22521
15637
9676
21323
30403
30470
14363
25362
32735
6545
10245
30897
26416
31015
8372
19164
7847
14485
16023
6512
7708
11267
17766
22804
26376
18260
15837
32154
24360
14895
26659
16152
31075
816
8685
30451
15083
3159
18507
16362
29649
817
21951
23296
9287
11927
29880
19664
14255
19119
15368
15262
23803
4669
2543
13785
13847
29720
12807
30149
6349
24797
27602
27716
11704
29645
29310
6981
6652
24664
26979
13405
12263
19191
30440
8473
4770
16479
12394
15285
6204
6132
24040
28840
30590
2035
23312
5601
28050
25336
23968
15110
14982
81
24207
9513
17356
9912
10345
8417
3275
22702
7344
20426
21120
16206
25575
5436
26537
27532
21729
1696
17389
23348
17853
19194
7177
3992
19971
24330
30339
22400
43
26449
18710
32030
21787
28421
23848
6819
21183
31732
30255
13117
13999
7047
1787
22479
3066
10377
20449
5952
8798
16531
32238
26014
2387
19482
10755
28225
30680
23290
23036
2059
5686
14324
13742
31770
30806
20832
25385
20692
27490
3213
18193
19627
31288
9810
23313
30195
19130
27819
11322
1738
15595
10492
30880
3168
1231
17385
15405
27419
7223
32294
6206
6573
19899
13675
11152
16507
5546
30546
10370
11673
15714
11560
26231
606
7503
31459
30015
5249
30188
2700
19378
19669
31532
1260
9587
18387
5216
2558
40
19442
27868
13349
15853
17987
26935
27601
9429
24286
26481
20172
9417
14538
8762
8929
4968
8368
26879
3032
2970
12073
26714
31274
16213
31452
11995
4793
21384
20498
30897
29363
14809
9756
24304
9225
5103
12331
25731
28195
30131
32049
18007
32529
24417
1583
24172
30159
420
16018
1983
3425
10610
11840
6938
22207
31124
25074
30545
22758
7993
27913
22070
28635
14517
1392
29996
11229
29317
18702
26174
3417
4817
26947
28547
29789
27796
2836
25122
10258
26458
27192
17692
7259
26507
3039
21083
10356
24199
27201
22267
19365
32086
7898
26464
26331
14829
24354
5040
8978
13859
26691
12227
13817
21160
25239
25094
18485
27169
17507
31469
8646
23883
27197
10196
10275
9067
6996
13712
6217
7530
6131
27307
7045
26193
28511
28922
6673
28524
628
9717
9172
18840
6820
18083
4995
14397
8985
16894
27407
21546
13580
24974
29716
12053
24222
4646
7247
5620
26722
14212
12887
5710
8683
24990
29957
18738
18178
12930
5121
15944
27108
6152
19141
26095
16880
14549
18900
22075
682
25381
10145
3606
3081
12788
24899
11266
26861
7733
2165
29786
283
9030
8927
26525
29287
23668
22049
4938
25977
24050
19722
31987
20264
19861
13551
23340
1193
4485
23090
20368
27831
25753
16839
11019
27839
6731
28643
15679
24314
29853
32068
12743
27038
6805
7288
833
9087
5329
1969
24177
16704
2838
26552
18084
21196
20413
6670
1061
6381
6880
15892
10404
6454
23949
27913
1272
14359
2692
20632
18378
12966
30794
12485
5723
26454
12324
27819
27655
15884
6377
3303
22543
29451
21704
20099
24334
21546
16610
26389
8755
24702
22663
15314
29513
9719
29580
12763
11974
26011
21008
13742
11072
31231
17178
9724
16642
16040
16934
13347
25027
23563
21680
22299
29429
3950
24174
3531
86
28020
8365
24675
31742
19040
30372
12672
15856
28825
6472
10676
860
10905
13636
13973
12971
7168
15213
23677
20101
2593
1442
10874
23322
21142
22084
6406
15855
32291
11916
22220
9509
17811
17773
7312
31158
4931
352
28816
19337
10925
13018
3827
15226
14243
26436
18917
10268
14332
1476
14636
17522
32035
6449
32136
25801
11305
17306
31776
27494
12672
15919
15973
26792
32441
1232
6492
17702
28469
9685
27940
129
27792
27258
16853
26573
16528
901
13398
9067
28735
23013
30672
21459
6994
7609
25251
23715
31374
1989
18701
1946
27243
26457
15832
16436
5174
15805
4077
17490
7414
12531
7092
4788
12115
10239
13327
29899
8194
25034
3714
6000
20551
10062
12886
23434
10987
6442
9139
3385
27655
2171
9764
7756
3358
20796
30424
30025
26429
21088
12848
27078
31349
9706
26498
6161
29056
21127
22434
20776
9631
7547
11833
20273
1023
400
25551
12002
10718
19107
27248
24994
1974
6137
907
25262
19647
6894
23981
1829
22752
6787
6088
22382
15875
12827
30365
17999
6183
13975
2388
25113
1301
24234
4970
14870
8974
29324
31437
12559
5237
482
11974
17330
7377
20294
9522
20403
13755
8403
31305
22821
1680
12264
6940
14396
11147
20017
3035
28032
10137
2144
4880
29808
20330
3163
904
7351
10627
24770
23362
9460
6151
10921
12693
20202
5774
15148
13757
28426
22293
31625
17251
338
2103
20544
28582
23683
31965
10513
30298
18732
7478
4755
12403
21328
32153
3892
10583
32477
32571
25839
10555
8561
31220
7450
29584
26972
10942
1495
20866
25870
17663
22704
27588
11917
12225
25400
157
14430
16011
19616
20171
31750
28301
10281
712
4092
24871
30839
14143
14860
30216
16448
3188
23764
20285
5618
8613
19538
7724
5161
16003
7073
20660
23699
28011
8895
10029
2568
14002
22973
12403
7575
4387
26852
23406
21195
24568
11456
3205
12015
1002
23585
16749
6426
11810
23028
21887
1325
31411
20862
13787
4474
814
6111
16593
9612
19756
18960
16631
4411
21552
20194
18673
29960
25314
13808
6243
2876
832
23349
16088
10064
7755
30174
18389
4655
31171
15239
23707
24363
4736
4906
7225
22898
31489
26254
9582
28972
23449
15421
7634
27323
26103
14248
8468
26057
12633
8033
16021
20336
30425
8975
20159
16396
5722
4375
21252
2244
25487
22155
22502
9775
17307
23195
27580
7381
15339
1179
26964
7239
25733
15900
18297
9013
31822
1769
7985
10124
17433
32606
10100
26366
19107
4523
21507
11375
9995
1066
28033
22905
5550
25536
8469
21267
11689
30701
14544
15260
8079
13300
6904
22462
25663
26872
19027
9339
13499
25216
14078
17105
4841
18843
20745
2161
27689
8986
24923
29542
26626
24960
23076
19976
9325
19905
2372
6337
10598
2844
6339
26321
16852
4663
32149
27266
28959
18097
22219
4877
26868
27735
10652
18118
7601
30074
30386
11182
17758
17606
16697
18626
23236
15633
26996
15458
21027
32615
24931
14755
7343
29201
22715
6589
15226
15123
29463
23607
32108
8487
20149
11848
2943
25415
10273
25145
29361
20413
15872
25101
5238
15984
4386
25390
24608
6915
1905
8292
28768
21020
28808
6050
26023
32486
29620
25705
24619
11833
2485
24316
27789
20358
15562
24413
17872
31706
21658
18288
14308
7422
24014
8262
29549
1095
13737
12049
10381
25756
14020
15421
5139
20707
4849
23164
7748
14238
22545
30819
13981
26422
24029
2771
15462
22267
21279
28370
25574
7850
26241
23940
3294
664
1917
31362
23381
31398
4027
12206
30352
26644
27121
22981
30904
28914
20819
18624
4267
31757
10700
23698
22506
13615
14671
32558
12500
2875
10168
17361
2908
28481
20313
27729
8045
26095
22651
1862
9501
13338
14364
8674
3008
19019
14302
6275
23784
27242
30778
6357
800
19558
28091
11777
23228
497
31852
8096
116
29214
29415
24560
27617
4413
15125
1909
22317
1220
4820
9674
10799
21882
31982
17995
28734
26337
29566
13820
25751
4214
23744
22527
8419
25376
18768
24036
2748
18422
27547
2531
8997
23637
19429
24606
15819
18113
6139
24445
23197
3438
25913
12635
14974
13159
3001
7651
28961
20074
4563
16260
32743
24424
582
20139
28064
27183
14753
14799
2466
10782
3025
19431
8428
4045
4624
23660
7719
28049
6547
8306
4159
12872
9336
15481
29134
21339
24436
10956
9710
32272
25625
2909
11777
5756
6007
15520
7314
27069
155
26395
23869
2483
18990
4002
12421
6718
22910
22082
30145
18292
1900
10766
17537
17422
16824
5895
15934
7669
30447
7375
25536
22016
8817
20890
27616
3224
12180
5454
7619
10044
1473
11336
1515
4118
5291
4649
32565
18889
19918
14455
19613
10619
25721
2792
7768
10821
23324
3219
2610
17028
28238
4341
8413
3297
30433
4218
3667
17846
19442
14972
2635
7414
5758
10229
1909
15486
13919
27781
14855
164
61
19910
23693
15734
15641
7838
3985
23750
27576
21937
7477
3480
29275
4413
14305
6942
17689
15235
11020
9392
18133
3208
6448
4366
8707
26234
14040
15490
30629
11641
10899
10173
14397
30941
10334
26746
1492
2606
6292
1899
22444
1363
6753
6680
15765
1509
32740
21260
9488
25458
28196
21698
8822
19610
15533
17808
24018
18942
952
20609
18643
8036
1608
20907
30535
20883
30867
11709
4179
13518
11950
9558
29648
23021
10406
11856
3653
27105
12695
28367
319
17704
29419
5379
27318
1041
30345
31575
17570
29813
29603
11672
5542
15877
23936
3555
3835
6028
24339
16126
23003
14862
17072
23203
17546
29466
27694
16757
18441
25548
14654
10909
9763
8302
19159
23724
6676
4879
24981
8801
6912
3275
13419
17390
22641
5957
5739
23675
1308
14058
17456
14348
18913
3958
3261
25662
18393
20680
1860
20100
11660
22385
27313
12168
21519
14250
14024
11756
16388
7964
13364
11185
24540
9085
17980
13765
23015
31049
21320
2820
30863
2011
17385
32348
29078
29191
20593
3288
6475
7791
14260
12798
32510
10477
15709
14729
28604
7879
16884
9670
28088
28492
12371
20350
31664
20312
28275
2200
384
5277
14559
26386
19258
20841
1809
25904
3313
23494
21043
11446
17991
14204
712
5695
10439
9271
29835
15711
29754
29619
32705
10933
5979
1489
23099
26552
212
8767
23732
7408
5575
25454
23744
14508
31038
5603
3133
11686
15580
10060
22198
7029
22096
18760
28582
10341
12205
15024
7437
30707
1025
24009
707
24242
19970
7268
29218
5575
3262
12347
17359
9404
12246
10098
12818
27105
21331
892
19958
24232
6270
26619
17815
25055
22184
3464
14611
30700
3615
20486
23299
21982
984
32270
15065
20101
6460
10566
11085
25852
23469
29652
9770
18556
5047
7077
15280
6771
671
23898
1121
12164
6810
22543
5350
19485
11854
26528
550
8640
11137
32448
20021
22646
25268
1874
8907
27955
25303
29904
8225
21951
30486
16368
2109
26517
13259
12993
21353
16080
26758
32697
24660
