377
2182
31058
167
20211
22436
24622
14481
16034
4922
22554
14962
3568
4659
12518
4175
11387
27690
31961
30176
9177
15560
15962
13173
8841
15264
30093
17996
21091
19228
10973
13116
12351
18833
12739
30865
7102
18119
12594
23628
12240
190
4865
27719
19364
4754
7047
7753
19276
24747
21696
22833
7629
23762
21371
8457
27387
22791
24805
28803
26413
8523
8825
25027
11194
4590
16684
4896
13548
4707
18063
10240
5117
8677
13611
3932
28890
7549
8712
8706
5727
27497
17567
16036
8546
26393
30779
7693
30835
6949
31468
20612
14237
15793
21176
2712
26212
12588
13914
14869
9859
25451
21081
23561
29214
28454
20999
14976
8673
9025
30923
9547
31626
12796
29063
4820
7910
18392
18855
19443
12442
431
5677
28669
29794
5274
16500
23460
14898
1774
26475
2917
25091
30470
16950
17745
19665
3376
10997
820
7951
21784
20336
4917
22834
8916
19168
1838
9890
6918
27509
11738
26702
30819
15940
26802
18644
14812
992
25438
22696
18367
10514
955
24131
17509
24221
21203
2144
22802
4488
19073
13503
32181
23542
25367
32264
32418
4402
24592
1215
4359
6794
27511
28775
24962
9154
28416
16270
5777
19633
1825
19860
13376
21240
32516
23558
24107
18312
12010
31529
6364
6950
25270
32342
26291
21324
8676
10212
2881
26015
10860
22759
8167
20144
14243
1401
7589
27352
26355
16368
15347
2799
24370
6743
3080
11404
9532
8097
25240
466
24244
5411
17705
24277
13719
2099
31604
27384
11286
32299
30421
2598
30755
4570
19941
25954
30682
8719
16866
16338
15310
11797
30196
31949
19683
17560
20087
7462
27490
9788
6963
10434
17156
6167
13650
18808
12559
8664
31745
15594
14174
13555
16835
3883
32076
11770
27754
979
12960
30007
5840
29317
8782
32718
23685
20940
343
29863
18393
2587
32028
26723
16237
31014
9169
18711
23723
28543
10772
3389
25697
26135
7564
13773
26514
23642
8543
23297
13773
15965
6449
31852
7233
4645
26644
1849
13026
7214
23741
9285
9731
32084
26771
568
9435
5989
10188
21283
8078
10206
26055
11107
29501
7515
15583
1514
29156
4074
28763
31876
3324
20739
16357
4348
11414
15933
11840
9063
15877
20026
10263
10027
7927
19571
10248
13754
23639
3484
29396
24018
4854
1489
3691
3391
25698
29694
31542
29013
13031
30371
12199
12853
21391
486
6685
18653
18633
25148
13005
20971
32621
12727
26862
32050
31313
10228
14176
12318
17275
8937
13825
23321
24456
27121
17462
28717
24679
2350
21500
15671
4466
684
10622
25136
7173
23754
27464
8372
17241
32678
2519
6788
5294
26749
29783
21319
7946
32151
14479
14440
20003
11259
3505
22968
14883
15270
18452
17122
8399
7419
12863
27260
3480
10611
27049
19070
12480
16470
27640
10918
25491
21526
3157
26364
13991
23212
30911
22203
24461
28380
17931
19008
16827
5201
28226
18883
15961
3598
14454
17524
20095
28578
26609
14310
10510
18827
19956
31953
6508
20528
25374
10671
9161
7311
6298
6448
4036
29762
15675
30217
18923
13998
12393
23201
16473
25949
31891
28149
19193
5715
16837
4614
26350
16481
27881
30133
28864
17215
15537
15409
28255
701
26952
9197
18745
4889
7846
8389
25237
511
16670
16925
7798
21996
9120
5230
3403
14873
625
21343
22503
15997
14033
2966
8653
27197
9930
24909
6557
2396
17846
27852
20403
6887
19063
23509
31521
5323
6501
11246
4725
5687
10696
21924
13938
6598
13324
31444
2293
16870
12281
11646
6066
11660
1462
294
6598
20960
20561
32351
8953
4303
2800
25180
27749
27066
8805
5662
22908
5409
8483
5769
28419
24392
8343
11587
14638
6684
351
13843
18084
9535
24139
2085
19357
13325
7141
17443
10096
11971
30725
19186
8634
14272
11565
17376
19188
27000
6956
24240
29176
14965
13690
18723
90
14768
7818
7589
3381
27443
12125
19549
4080
25684
11082
10719
8611
25761
24282
27364
27216
13775
14188
28285
29468
7954
3012
28345
27942
26137
17992
15230
10474
16193
5230
1572
24275
3264
9918
16151
11867
17121
11128
16331
3690
25720
29652
7781
28624
10763
1120
32184
24719
13860
20928
25684
6828
31648
15901
4021
11556
15238
20606
5030
6637
1818
12927
29659
9527
14699
12428
14020
16339
1991
28927
30289
23166
18738
26779
18433
26867
24380
1065
26671
30752
30067
1566
13921
24438
31264
6571
21825
20092
4568
1901
27578
18741
22265
31211
28615
8701
21209
8825
28198
22330
2866
30863
22666
9005
17317
22462
13297
12878
11164
24895
15897
15220
2578
27271
29242
15045
21743
7349
32153
12251
19255
16373
31465
6774
24384
18060
25614
24364
19150
21587
24998
1612
19906
20677
30120
17417
29663
23939
16904
9610
13373
24124
26277
4869
121
19059
28189
234
32698
14480
12576
411
7492
8806
24653
25873
27781
11158
13628
32256
21149
10887
27983
6224
19948
24097
24226
29394
3327
9411
15845
12405
28209
26458
23812
754
15465
25478
8713
12186
10864
12287
9119
29543
24276
18473
28972
24369
8008
18128
9073
4408
9152
29342
756
3769
9559
28539
4413
25056
30291
23546
31886
6530
16308
6513
26729
17006
3076
21551
24283
11766
13682
7590
28316
11515
4853
5392
13902
17418
8196
15552
31474
14422
14303
11496
30289
21117
22136
20509
28432
26402
828
2616
23604
25008
27452
15973
27483
3373
22817
26210
14767
13887
2854
27861
4131
6192
17763
20966
24525
3296
27198
30028
7989
5961
29969
31091
1137
22812
443
18717
20066
14692
21038
18182
11657
5261
10678
282
22951
25425
19985
4562
31003
2689
1666
22238
19651
31739
10780
24545
1729
14216
15211
29225
1482
15093
32054
30789
1866
2346
29705
20470
10739
31178
15944
13474
6580
22290
16433
10489
7482
23982
27952
25465
22427
8494
30991
25205
24667
15385
17622
16769
3664
12538
14017
20943
7291
13201
20121
6421
14862
11683
2124
15700
11964
9681
25680
27511
31472
20075
16472
29217
4699
1110
17636
22141
6668
28981
16209
3190
26036
28665
21409
26509
3572
1784
16614
3411
8544
26913
25523
1198
16763
7298
26914
2604
10157
25811
30397
8153
27525
207
16569
28149
11130
19293
26485
3058
6196
27643
21022
917
23225
16587
22633
26273
27196
31750
29978
10463
32084
13724
22328
28214
20601
19996
30445
32000
4453
32750
15915
21120
11322
20234
5596
9009
17472
900
25338
31814
20107
11174
23648
16099
7679
8281
16280
24688
19368
2659
29607
8415
14191
24275
17522
10000
24026
15835
5830
30266
326
12832
29615
18649
32138
11328
7559
28870
31380
15699
24621
28185
29135
2000
19994
23504
27954
26523
14901
30293
8330
14577
23892
20378
17743
14322
29333
31644
23075
5826
24792
23477
2006
23784
28090
10330
9308
8147
19269
23797
2390
26910
8110
4615
19790
26559
14974
18749
30601
17542
21142
31630
26854
7928
18871
24998
16049
7752
25688
25468
297
3570
11028
16679
8334
5782
10348
23633
26399
12826
17998
4815
29542
10103
8259
24889
31047
15871
32728
29005
9552
11975
20553
26577
21273
16048
3738
29227
21683
24902
28789
2681
15355
4537
5458
7676
15834
22362
3516
28483
9051
8000
23141
13970
12717
2055
10361
20701
14019
20147
18863
12831
21242
8141
1050
28527
13381
19344
9089
23709
22727
5687
18890
25474
22271
1213
4542
30750
6430
13993
12265
8604
12097
2404
23299
11659
11250
30754
12146
17529
3928
22039
14539
18366
23855
2678
13930
8071
28540
27909
15272
2054
14498
11392
12209
13519
26620
19798
26412
29426
20188
29345
3127
12112
927
29341
26549
9455
12198
12754
24143
241
19995
3801
349
17290
17199
18231
6271
24514
29369
31615
7565
2244
26591
1272
16609
30979
10904
3973
25761
7010
10691
18944
15257
17845
15892
6339
2674
25823
12801
1901
24403
1496
14232
23344
2335
15860
24990
18040
26713
2491
19794
2548
5175
16107
4841
31702
32440
17761
18386
21814
9696
16109
18156
14648
1999
30069
20808
14016
13380
12944
14911
15501
16005
32272
5491
3051
2635
9985
6031
20633
17802
8261
10740
1291
26567
8721
6487
32764
24171
9595
27705
20594
5329
26812
9313
31326
23691
12010
13928
18694
18305
30414
9118
17127
20471
1798
4134
21123
18153
25040
4659
26250
27093
31608
25767
6115
24073
23828
30586
5068
29670
11055
25903
383
19124
13922
28369
30041
8448
18145
10601
28127
16571
4391
28992
28830
25579
17364
259
6041
13681
8122
28853
22806
4722
12044
12387
20533
30006
28471
21888
30320
25440
30723
32391
27533
8405
27181
26282
31686
14215
20167
13390
9090
4156
9836
26099
4349
2423
4440
24143
18656
16822
4828
23347
22455
15229
17902
12604
26603
6217
15094
30155
16639
7365
9265
20104
24587
19914
16908
12055
658
8284
27663
16782
2509
21406
31525
2672
5341
6937
22292
11309
26549
4875
1219
11199
20294
4734
27200
26026
15085
6183
20320
8617
20556
3838
9965
17481
32450
22223
31918
685
5706
15599
15878
26656
9510
17006
20456
16538
19275
9653
7066
13541
3619
17587
20042
11735
5627
1144
2601
14794
27692
14540
9114
25239
14602
26156
30396
4946
24181
11493
14631
28573
220
27323
6133
18115
26127
29479
162
4387
29336
23864
26357
236
28623
16617
3226
28946
6224
14151
15098
29744
16153
28036
1354
5770
24759
7050
20838
13026
5567
19461
23931
27173
13350
19668
19304
3769
13995
734
20725
2452
21585
3133
27497
8081
29868
2351
2197
19837
7322
10785
22174
19393
22543
5125
25802
23217
44
27442
27496
5469
12794
24130
13095
11136
20143
10942
19150
11163
19723
31829
21289
9793
31275
9181
23295
24904
26305
15873
3675
29819
27891
30272
20261
4415
30431
3412
29749
9417
27430
7771
10019
29779
28846
17768
17528
28161
7116
28095
7135
19156
24874
30149
21645
26678
4786
10851
17234
16855
15278
20933
25983
24057
9986
20198
14713
27517
19768
9598
4242
13150
2773
22208
30409
32204
13455
23225
27040
26773
3597
26258
10449
16672
2592
21635
1574
12469
3673
2036
16679
25206
24680
11204
364
6712
14718
11666
3470
19045
8305
32444
26405
13215
26833
24544
25513
3752
31510
27008
28900
18525
31650
5008
13007
31115
29131
14163
9660
25641
15588
24702
4429
9612
1723
11374
7607
24630
2151
19746
9215
12931
23589
27279
13806
32446
30905
4358
12576
26728
15966
25236
30018
20325
1868
1481
24325
30610
11439
20052
3949
26006
7175
4528
27458
15222
10672
8503
29729
11379
21763
24835
31852
11384
13059
1919
11315
32651
23331
14368
19790
26418
25412
28637
21177
22749
6364
3424
27985
15994
5139
31518
31906
6836
3171
9976
8233
22286
21054
24389
28218
5303
22712
16263
17243
18688
20832
1028
28403
10701
16021
27572
2338
27651
8953
7635
14557
13232
662
22603
30308
18072
18501
17196
19478
22250
17152
12053
29765
19757
18661
413
24314
30423
18998
9313
8916
23085
4124
12511
17367
5403
219
23437
27910
12395
20016
8828
27932
21798
20079
29111
8287
31205
10608
15208
27051
25080
19880
26351
17276
1950
3877
1416
8638
11533
13447
29055
29858
17808
5348
32642
9053
29620
346
10250
18606
1073
16057
31301
21840
5445
13553
27835
4106
14572
14057
18761
20398
28073
19297
6689
17883
21851
25041
11417
7928
19061
24491
12349
29067
6888
12652
10523
31131
17162
11213
30878
3883
19604
9300
28581
99
5651
16224
32530
21160
30915
8956
12595
27064
21642
21798
1658
24136
8027
12316
16690
17772
22592
16262
17853
18414
12273
13920
29174
22318
9467
22307
993
31534
8660
14599
24653
16448
30396
17653
19882
14126
5034
4779
17351
7237
19955
19461
20602
26363
29539
12277
28223
13035
4322
19752
26
12815
15598
2365
31834
1584
22118
4388
375
23202
4090
13842
5620
27749
5739
47
8787
28119
14240
30733
6070
3213
14407
6259
25870
12938
20863
5638
22740
2781
32334
7089
6087
8299
32192
7733
551
14898
19443
11690
17287
24485
7583
5852
9142
25118
19175
21695
11132
27886
12670
15828
8205
24830
24575
5303
9807
26050
19004
5452
20523
26010
7401
2606
16456
11677
26039
26261
3920
27819
5467
11638
17878
12732
14727
27207
30573
165
17458
17415
25670
16669
18882
23580
31898
9509
8790
27878
8034
25343
25065
11848
27589
4544
5000
15115
18652
29074
29060
6232
21762
26718
30743
23927
13730
22801
4355
8418
20609
16937
32570
19147
4728
721
67
17665
17079
1863
14781
30200
26913
31709
32371
5598
10568
8826
7282
30466
14461
23731
8068
29083
26081
32631
18056
26487
1961
14113
27320
27367
17178
1869
32182
1780
12599
8435
18750
337
32420
20908
12898
12078
23627
24364
12776
18979
3970
3820
3771
29711
8098
3516
19991
28254
26984
11749
9925
21070
15943
27642
9588
13108
13491
24984
12482
24932
15731
16922
17278
5532
12014
29291
29376
4152
313
6483
9025
25227
12840
16087
11294
25224
31244
10841
16946
2367
9423
29416
21509
25854
7204
30692
27624
15885
6579
29541
11469
15495
2330
11292
244
11757
13837
11133
18886
14702
9234
24643
13856
7546
25457
26499
22370
6931
25944
14615
23919
19565
7325
24498
14350
5399
16848
26321
17488
20504
16061
19955
27584
23515
1511
27416
12114
29683
21683
25064
10335
9832
27822
16226
12853
9313
16375
7787
24134
31323
11559
22650
5713
9975
29776
4403
24088
16580
26617
22237
26581
5952
31232
9668
17584
7661
10553
1067
14622
5879
2239
12772
31252
29381
1984
32616
21135
1957
31824
26612
616
16218
1491
20061
19675
579
5441
24201
595
20590
22282
14054
24828
21773
30784
19731
31504
25686
32287
10974
11228
5817
24055
5321
10120
8747
32151
21260
12545
1610
18664
12776
7039
28972
16401
4315
24238
13397
250
6623
28458
15761
11060
24016
9923
26842
14933
27833
16744
32727
7086
15958
22536
28129
2238
31103
30496
13055
25248
12350
16889
13813
30859
29560
3552
5008
796
15262
20195
27850
7540
12278
15884
32267
16585
17123
805
13465
12859
304
4785
22456
19342
29189
19152
15226
21196
30809
29743
32380
26388
2084
1219
13349
28802
9790
19753
20227
14924
25105
14776
148
28072
15283
21211
31211
12135
13207
10754
15286
17020
5770
8411
7209
2670
23285
20714
32751
18891
360
22660
12256
17479
3613
13658
17355
22996
5711
12368
28073
27331
7137
645
24448
26913
962
14878
27907
28645
24386
19763
17562
31530
855
16320
14094
28382
22668
8422
22273
5414
4708
14181
5807
28938
4070
28067
28148
29802
15399
12238
6550
32024
25980
21831
10252
30087
3636
24004
16362
2002
4331
29441
17487
3193
19490
25953
22964
9939
17681
14819
4108
3217
21803
24510
430
12919
15548
32090
11913
4694
26529
30130
22225
2891
13463
18771
9741
31418
24875
2793
9212
19648
24923
18183
215
15215
4216
24453
27550
29702
16609
23830
16262
8341
18697
16833
7326
25713
12078
11003
6028
23665
16025
12826
9327
28453
22901
19747
9350
12094
18338
22932
2539
1057
22991
11717
27277
12244
10883
19556
26905
32251
8210
17196
20058
8014
12137
28376
5358
23346
8861
15081
22192
23339
12994
5481
11678
2966
20229
30242
26127
20285
20422
14746
18786
13932
3906
19092
27359
9519
16816
17611
23899
22921
28672
21662
14578
2617
8386
267
32160
5909
4323
22487
4032
29446
21198
16047
14510
2671
14380
27531
7714
14877
11309
14319
5201
23673
8481
26510
20200
22282
720
1424
27403
27104
8616
8417
29670
2703
31968
26485
3854
13102
20178
13184
28124
10545
24116
4339
18985
26874
3600
32013
15734
25142
31111
20784
28607
6589
5028
20927
25959
15069
9458
199
9139
11385
31036
8664
1698
16724
1452
28798
26865
11009
18382
9174
29735
29057
14206
16789
6339
6102
1383
9930
14553
25294
6527
12282
24034
16944
22547
9002
31837
1309
6877
8478
30866
26710
12899
11385
32683
31591
16754
31630
10360
20543
893
787
7763
29106
8259
11440
6580
21572
14836
21544
10677
20292
4420
1764
21577
23481
17024
20599
7014
6789
24494
18503
6407
24978
10053
17610
9134
13634
30835
19900
3575
29202
11992
649
21166
7081
13274
12662
3673
17544
11080
29803
6386
30378
17346
22599
19442
12648
3233
10538
14948
596
1375
30538
21724
14942
11110
28954
28960
10742
1086
14498
21711
22346
15219
1778
10198
9299
31724
3100
6963
9887
6390
25443
23308
24772
28586
32114
2160
877
17895
5010
30103
9595
16662
24860
21003
446
20484
27914
415
23248
22742
22325
15411
4983
13552
27746
3912
25009
4389
2000
29288
21046
14700
9759
3229
32572
5942
18386
31403
24500
28123
4495
7141
31260
6331
28223
15473
5893
9898
9801
18717
23542
21276
749
19134
22628
13756
27073
18594
7856
4675
18988
4893
32280
30503
19784
11814
8085
9784
3844
8353
24673
27665
13357
32286
16005
1188
11351
9109
13971
30580
14608
18099
4702
24869
4724
23004
8073
2803
27123
27949
5061
3523
16252
26386
12605
15507
25166
1801
17476
20214
23464
5976
9544
24442
2857
16334
5020
8560
6666
12519
23830
23814
3711
14848
4937
18204
8279
31320
12150
14996
16243
20278
6222
16947
27290
13664
9480
7515
5019
28738
31122
21267
24891
10880
21464
4234
31714
10579
31978
24259
27237
9344
26374
13227
21124
32226
16933
15378
11472
28263
22152
8140
20000
3340
21017
23868
24614
13509
12875
21357
16306
2907
23527
14044
4435
15531
11635
21206
9329
7275
28655
4281
11041
163
17464
23045
21254
10570
32571
18401
5643
31412
1674
13730
9244
11084
16394
17493
17812
11107
21806
28428
26598
24692
23915
32713
8752
2710
10242
3958
4619
14029
24147
31994
982
23627
11541
19213
32544
17125
24687
23707
13386
25366
11550
20330
20156
25166
15837
3814
4769
2352
13009
25541
25647
14040
25256
2392
13306
23381
16061
3888
22804
23164
23811
2604
18322
25691
29789
31790
10367
26868
8799
12000
4062
29345
13079
11010
3983
22636
29139
16193
23135
7083
23387
16464
8527
22531
6224
4135
3444
12430
9775
7638
15832
30251
16935
10654
13082
12988
24182
8802
15342
30402
21607
19634
6254
25292
14609
5591
1387
29328
15854
5337
22386
16856
29518
13985
31223
11962
5221
22103
18048
29008
32550
20433
22941
30240
29766
5446
30328
26191
12367
9545
13967
24418
14684
29525
16639
7491
1061
30221
24404
30961
17690
21317
3402
20584
6771
9568
25894
4643
32518
22970
4240
2418
10526
18202
1101
20997
5453
1331
15277
5398
905
12136
9156
28398
913
9906
8169
14693
15599
6161
12546
10345
1785
2521
20721
13490
20372
28222
7274
30279
20341
5738
309
19439
26058
4481
10784
26732
29
19712
2459
27923
17162
19341
13803
17480
32665
526
4528
4270
14790
5333
23193
2458
7861
6723
3832
15295
25308
27920
31674
21586
14862
829
24159
13217
24783
14128
1288
12669
32236
27062
21033
27024
2002
14174
6371
21559
31516
15260
17975
27176
4830
14533
11315
2849
3850
17758
26085
21718
17478
11264
2268
21081
18700
2282
6321
3800
17549
12571
16088
11040
4301
9084
19020
195
28568
6408
15397
11522
6046
9348
29699
20017
2703
30928
4064
13114
26003
15706
25998
25726
20144
28821
19966
29379
23209
32380
16039
2742
12096
30359
20993
5550
4279
5858
29406
13939
4993
2909
20134
23678
24048
16892
16361
11109
2153
13026
5959
6737
16965
27631
19088
19966
19446
22822
11720
22148
6234
3947
6855
9352
22347
16150
20544
11162
26806
18812
12679
3606
19591
29827
21794
13779
9468
12434
6585
27515
1841
30797
22089
110
60
15907
5008
10293
4756
11738
9361
2259
28959
24742
29960
7475
18920
7009
3583
5857
28630
24748
20154
25638
31795
2703
20829
19326
29731
21433
5528
4356
16218
19084
16993
8338
21872
20339
7427
419
18394
533
940
5091
28965
27263
17422
14871
9714
3031
7002
9316
11632
19063
9832
21365
4039
10044
31584
16787
12882
19030
4618
7681
5633
18739
14484
26850
24195
14911
14073
1422
10484
11246
12173
8561
21388
21182
27462
16387
511
15999
20674
31072
18417
8897
27547
19899
6683
30866
31915
14724
32658
17351
16138
18069
31139
19957
15061
19906
11023
26193
8486
9322
29892
32177
23923
31487
20
3388
15417
32145
20146
1578
834
1647
6044
7955
22267
14181
26782
16848
8607
7012
2654
32715
21566
14287
25176
13328
3518
12201
2265
3166
9163
24802
6386
5781
5525
30705
9057
6489
29133
12981
8543
32082
26150
28123
23133
24572
20900
21353
7088
27622
17646
6047
23590
7861
14029
16098
13237
336
25484
26043
27093
2768
14116
19791
927
4269
18535
15128
31732
11232
11701
17853
29925
13766
15751
7053
21880
17947
10835
24273
26652
12003
17519
14959
6186
4140
25963
8730
15728
16515
30389
13409
30818
7104
11611
28319
12672
21551
9793
30737
2424
6691
5452
223
22135
14172
30510
14346
7678
30513
22319
25114
16868
4029
2407
16984
15825
10101
22592
28998
5462
4380
19034
28425
2078
18256
4022
4281
25540
26563
23806
24007
172
16116
19308
11103
26739
27597
6146
23621
21131
26156
27853
7777
5380
5802
21700
11488
12329
16339
24541
14343
7615
14958
26916
27187
505
18386
28409
20245
2660
4139
28834
21360
17232
5045
4724
32647
23970
17588
18723
3240
10452
30971
18905
10576
27883
24455
11402
3615
9958
26804
10632
18471
8603
6980
3226
28605
4021
17188
17282
11341
27182
20749
1424
31948
7611
28014
30090
5619
17568
3115
17529
9673
18842
23391
15058
15659
29661
27335
2504
17650
31270
22308
17354
16028
19926
29681
23392
31309
6820
11284
2257
2285
25750
7518
12181
27833
7970
24549
10630
24247
23570
19710
12069
22639
1788
139
27086
8639
9611
28308
12067
19653
25541
4436
29994
11049
12099
5429
14023
15857
23841
16477
21950
2023
2896
12434
19090
144
625
24287
29134
1688
4510
30792
30167
17265
545
17168
22713
16503
2492
7606
27623
7054
17200
4058
3083
14423
10902
19324
12142
30193
28251
17693
9235
2693
30590
7652
29692
21627
2518
6549
29539
14449
7053
22481
22466
24688
15290
9005
29185
19213
15144
9590
17444
4124
11771
3777
15297
22415
24355
26402
25121
8453
29386
24443
26026
440
17371
16129
29838
21784
14989
5986
31954
25868
18052
31784
24354
13528
27851
30073
30100
362
15273
10307
29781
15402
6163
8617
13471
4968
12692
6204
9340
31404
5473
26968
29425
32709
29166
11328
29003
10269
27364
29617
18684
28375
5137
14560
11944
15874
32587
21721
9890
571
24240
1412
30318
27581
855
9348
12456
29694
16505
12640
24799
29701
13433
22006
15425
28605
21542
20714
20057
1281
1541
18669
18126
12592
17382
15513
548
3950
31691
19804
2044
6909
16216
14010
30017
5075
469
21072
32058
18648
15421
20536
17391
362
28014
20708
8815
13311
27294
1019
7581
22204
9680
20882
16389
9405
28819
21718
5062
21328
19899
32374
18909
17296
28058
11040
17128
5001
14900
4740
19764
29057
18402
10972
22128
16570
12337
2432
6314
15639
17333
7806
9676
23198
882
18269
28548
18107
2316
3308
31210
29402
30465
20672
9127
5938
19141
5833
24444
32092
12373
25278
11469
13478
7465
31197
22615
5354
23750
29662
11620
11551
32302
12562
7493
26901
18816
9144
29370
17936
3195
11711
5421
18535
23720
24637
8590
1432
1726
15709
31378
15995
28628
2017
3034
19453
10141
8130
12134
17374
18970
14127
10758
23603
15657
26884
20473
4560
5641
22215
16414
10519
22542
30647
10834
5065
31453
32675
7557
7730
32705
8279
2435
22450
26355
6451
26750
8937
5391
4832
19751
23352
6849
7500
22512
12433
11547
26359
2422
14699
16135
215
9923
8784
556
5872
483
29338
29255
4837
26906
31777
16447
7513
19443
22467
30366
7273
28518
19531
14258
10782
10476
32650
12432
31136
15958
25913
24807
8776
21529
8300
11891
15973
7408
30124
23853
660
15934
11015
22089
24950
4136
7804
6431
26563
30612
7147
23857
21777
32647
15496
18171
32025
1223
7807
1081
29980
32379
16705
29166
25776
5190
17347
32208
14433
17271
28993
22829
6232
21005
17848
11081
30779
21907
20424
31486
10452
8691
5636
2807
7401
8014
17072
26864
3219
16681
4599
9552
12673
32619
29479
8903
2875
30342
31623
20934
22716
15024
16807
21014
32179
24067
4956
6957
15892
30020
23210
16814
5089
20993
30731
28220
29209
4928
24177
14863
11785
16199
3238
15207
23151
30882
13864
11981
732
12029
22416
14432
16858
21215
25499
27383
18184
25204
359
23607
3256
23091
26578
3462
23283
31336
5320
9915
7066
10637
7325
28519
10919
27966
17731
22139
9511
17040
32555
22197
707
10888
26389
1124
11080
11186
2562
11410
29192
10764
29662
12978
4491
10056
19230
17925
255
31532
10635
12646
30542
10626
31035
15850
24005
32143
30328
25659
13248
20515
27436
30481
29119
20783
22924
143
19362
17287
20720
10917
3951
7120
29852
5451
24586
2183
8803
13367
9152
2904
9179
30986
3128
24344
7467
23659
20650
6803
1987
3476
4454
5909
19865
30392
26549
32490
10750
5298
22035
21717
14038
22744
10037
22004
4315
2543
15224
16865
19842
20969
9349
2175
27478
8004
3239
22463
30203
16946
271
29543
23694
16274
9923
32646
20472
614
1734
20743
13631
10234
9633
26293
25479
10052
12464
30250
25016
3283
19818
5940
9940
1313
24861
18454
27818
28116
11128
28941
31506
28419
16183
24240
16940
8895
13924
12435
16527
26691
25238
8758
24982
19565
26310
3624
15903
2182
13406
22956
5230
30637
10007
31295
16786
26481
27741
2539
22664
13862
19009
29000
29175
21586
22913
1743
11345
574
4164
7665
23466
12118
20905
9625
19306
23458
10674
990
22620
3760
22285
3307
9772
8103
24401
22100
6598
32523
19869
14890
24292
27572
21743
23280
13961
4164
11775
15152
2966
17540
8051
11835
3665
29315
17170
10461
14086
27267
2005
18822
8546
25699
23308
3431
29769
19561
2527
28895
24945
19139
29544
13139
2991
30730
10655
6061
16352
12300
20204
30767
18837
23084
29018
16344
2362
11814
21305
32615
154
5147
15832
8812
27879
1477
19309
1509
14826
29940
29903
10663
6849
13108
19034
16985
21857
29293
14849
13277
10713
4726
6697
17387
12785
31614
23746
22927
6564
6593
24050
24586
5706
455
31821
18142
29377
5529
8871
22111
3828
11669
7164
22354
22176
24521
9721
1777
31883
10085
27141
8099
27260
3758
29980
29303
23788
29422
2564
598
17060
8165
32455
17878
8994
12356
8635
16819
11451
26781
12119
21850
20788
2587
3346
15845
6360
1833
12857
14081
13154
27029
12493
29680
4655
20073
8623
28699
11775
26628
9037
6520
17865
31427
28573
20217
5618
24803
28764
19992
17664
11052
30829
10910
4177
20517
27340
8768
65
29599
19064
10303
8533
12327
19680
26799
26766
24840
14892
13293
3548
19390
12954
1508
25555
15151
4432
10513
5727
15498
12823
31807
6671
22805
17270
9089
13925
28902
6845
15863
6159
14530
31162
27549
13804
2741
21952
28768
2154
25171
25930
9984
21639
10176
13591
23049
22856
1840
27358
25169
5794
17223
26304
7705
18647
25050
8005
30068
27006
6290
7620
27522
7047
14215
9737
7483
28644
23403
20263
14386
32692
1581
5624
24423
5509
691
28809
3323
17252
3941
24474
2423
15604
7992
13249
28840
20175
27436
12203
10618
8519
1532
20097
12298
31720
13441
26118
5267
18875
30706
28755
20734
28656
14360
7374
10765
5021
15199
24983
2621
16088
28109
28389
26039
9283
20799
6643
16063
29806
29110
32180
12024
25086
7446
11855
23214
27615
11954
1837
32046
10419
7638
23892
6353
12776
8651
23390
13270
21439
1647
1021
18157
14667
25085
4695
2571
19903
24044
30761
27671
24211
104
28748
20824
11050
32643
17905
1327
13276
11185
19196
17163
10258
12130
20502
28685
21372
28396
8727
30428
29499
25354
14961
3718
23793
5522
8564
9988
10854
1436
2468
16113
31494
1686
16243
26856
26942
3286
31391
5610
7984
8065
28925
485
28614
20934
5908
8435
19696
3974
14289
24814
2160
28292
18358
7625
11046
30799
26349
22144
11643
231
7387
25885
19272
16912
7151
4120
12409
23861
24264
28226
9087
2269
16865
10461
7241
1077
27840
28206
23378
13774
12761
10748
4555
12028
24913
30420
4821
22389
31820
31968
12885
31578
25457
22417
5043
13195
11278
18828
25950
23343
25956
5092
15235
2602
29906
21155
8474
27683
16781
12529
5088
13281
21347
10461
17814
12369
11094
10786
17150
13057
24240
4892
16282
6230
24771
19920
12346
5503
18363
8453
20939
32283
11858
4982
13167
26025
2588
29436
18711
26288
19137
5750
26777
21384
14601
9762
11484
13116
20114
9610
8385
18907
18763
6930
32752
20617
2881
5543
28631
1583
15084
12722
14306
7928
10322
32381
27185
22593
17269
24891
23535
19409
6520
24087
29404
10503
30709
15259
20669
16051
16036
14035
27061
29023
17124
17222
19899
10994
28831
17804
2438
17802
2727
31903
22724
24527
21495
22566
4712
13032
16374
1532
29133
15152
13941
9556
26051
22190
20202
2335
28126
24728
3447
1243
2838
365
20788
13006
25645
4811
16068
30967
6089
18461
29676
24488
2199
31750
24524
31424
2487
31369
16152
14479
883
9572
232
9111
28363
7580
12523
14780
27707
32068
16420
18584
4058
10347
28000
10989
15516
30574
17241
17513
25226
2834
14003
4155
8382
24682
13266
27949
6366
24439
28422
32315
20081
17183
31218
987
17678
10975
19300
3633
5040
8731
18697
31001
4929
1175
16030
13627
17825
7430
7614
26456
7911
2619
29711
3719
3878
21932
13263
22726
32286
13749
2226
22215
1590
28727
31998
20418
32535
30370
21516
7090
20474
32765
17843
27302
30103
12818
5607
12912
4166
2902
31641
17990
12092
14973
20285
6890
31699
11647
13547
22310
25448
23672
4091
29532
11955
14724
7425
11100
29496
6686
16547
2833
27313
27474
6118
3216
23190
9097
8394
13291
14900
20162
30108
15869
32524
24359
25126
21090
17523
8079
29388
12404
24065
7403
1575
23925
23037
24705
11719
17899
1254
27622
13126
22898
1164
17507
24937
19415
14363
13976
10096
7134
28936
26995
11095
2377
22466
4054
32666
29721
3765
32614
4005
27477
8463
23433
10347
5056
7589
20779
12142
21188
24694
31145
15802
16365
26884
32756
8695
18600
26078
30253
13309
18255
31926
4907
974
6627
24302
13843
13703
13072
21966
25857
7124
7158
15934
23661
15820
18304
11385
4807
2030
1728
14310
29617
27576
536
15492
12196
18188
16786
16932
3180
6944
2417
3453
5196
16668
20622
2921
17940
6219
23253
20567
21758
7126
4020
15370
21427
28727
23268
22392
10027
7170
31150
4048
14411
6198
10713
21382
19168
28192
6962
23688
10155
32555
6781
28666
11986
11555
13911
17215
12870
18455
29322
233
4839
13041
22268
13149
27591
13841
21403
5751
23835
6765
32291
265
4868
32197
25905
2370
11184
7768
31882
5110
18187
6485
21454
23055
8252
16569
15464
25400
12955
18098
27600
6985
15840
28849
14266
30331
19799
5017
28544
3306
24836
7798
18591
27534
25157
16254
23759
5832
22429
24198
9955
27505
15987
24787
28666
23692
1389
9162
16686
783
30068
19518
1157
21937
12297
27612
29772
27211
3063
15913
24631
30086
23964
17677
30300
10004
9212
21766
29938
24559
27715
30556
31111
21455
14775
7330
29373
29010
225
4622
16775
4058
3105
20390
24108
14646
10663
23389
4545
15792
22107
4134
19563
3099
31331
1576
9814
27628
31679
15679
31925
21578
30847
462
32526
20269
11658
19988
24378
22574
4218
21186
28639
28173
11548
4526
8261
32669
32505
17310
4000
27302
29181
5549
15676
27562
20338
16287
23603
12950
30876
19573
18019
14755
17923
15144
17398
311
31715
14056
2454
21608
3510
8347
26960
6672
29580
9699
4125
1002
5836
23456
29588
13409
3151
24857
19081
30814
31726
3002
17474
9380
31071
22336
13655
16980
31419
15709
27313
4267
20711
20441
18506
9888
7272
28229
4715
18013
24360
13171
2137
29696
4960
27825
21755
30106
9089
9258
29093
15429
9796
9989
24615
8288
25193
22276
29729
31915
10271
24610
28230
22832
17125
5235
32701
18739
2165
14941
2653
19164
18376
24216
8992
30769
29175
30703
19549
11573
1188
21179
6778
15975
21974
187
20406
20114
12195
3162
8412
26319
9535
12386
27312
8875
17976
5427
13994
8417
27531
31249
18490
1294
18382
16189
8261
10913
28023
7324
29042
24836
23601
3252
28298
19473
25141
11660
23685
22591
30879
18683
5823
29804
24180
32566
737
6252
10271
2045
18257
1217
30448
7565
19693
26872
10107
15305
27983
15443
27696
7950
7085
15983
6780
19642
1969
4559
16376
10733
31596
18742
14876
12177
23048
22784
26371
25478
26068
23410
27664
24920
19044
6634
25090
7450
8594
15175
27538
29543
2192
16815
17303
9170
30207
22321
26426
2358
10214
632
27721
27245
5624
5292
26923
10658
20693
21154
20226
19714
7193
10244
751
1606
22159
6512
30940
12181
8887
22843
20169
26299
3090
2208
31761
16715
27607
9832
12108
4154
15652
24471
30835
15079
14128
15062
20320
10268
3612
4026
1037
24978
2565
17569
18442
26326
14973
21622
32155
11824
31059
28576
30198
22708
310
22861
29815
9917
12775
1691
31244
24679
27500
2731
14888
15912
21377
30509
23543
16580
14503
32564
25991
31049
26616
17889
29650
28146
29306
20799
14968
17059
26969
5022
27745
21729
11638
9224
25518
530
18966
6438
22229
31484
14657
19063
16176
21311
16128
16826
28528
31197
13760
23215
25279
8350
24452
10977
13047
7902
8399
2118
24382
9994
10619
14611
11713
29737
11961
31373
10958
17758
18308
14218
8176
14791
23086
6229
25318
24062
20626
496
15065
23550
14837
10794
9805
13656
14195
14019
20672
2233
11576
24551
29083
28560
30248
9381
4778
19864
3150
16831
12426
18042
31789
398
3565
22025
29524
16759
11753
481
7811
847
20620
12461
13874
13808
15477
4156
8743
24289
17012
5234
20244
22038
14271
7296
28502
28027
24574
10307
18150
7678
1267
32393
2291
11361
31995
16382
12232
495
24936
13650
29970
17821
2280
3257
12008
7683
14296
25655
31803
32710
5519
20459
18156
22085
27646
22612
11110
7560
7232
4812
12368
16409
1319
7502
6819
25427
14869
26681
25517
26505
30067
9389
1445
19109
9498
13089
32500
17572
23837
27649
10043
22865
9115
826
18144
31856
6788
24875
9966
9063
20303
2656
23847
28345
3523
22332
4508
20415
4489
18082
13595
987
18562
24023
1876
25089
7840
13380
18745
21776
3295
31220
24112
7827
4458
7537
22935
29116
14641
7377
7478
19751
11888
8
2112
17588
11597
24722
30587
29232
9942
26965
20476
25892
19012
5107
16221
12958
27940
27030
25433
6196
1618
17403
17047
30189
20019
27791
1927
23356
10876
10261
30971
26939
29607
11293
31656
21617
1150
1016
2917
17337
21897
25474
24661
18503
28222
2965
30679
2537
8999
17624
18371
25590
16778
28847
24221
15402
20327
18646
31017
14009
8857
20187
15430
12668
10692
19611
27903
20573
27254
15150
32642
13187
19065
11831
7145
21511
14584
1873
13486
4328
23705
30035
20736
19734
4309
28220
24543
2825
8807
26248
32594
7098
26080
8853
1503
3566
13551
9165
24905
26482
26142
27486
25651
17974
22091
16448
32612
23122
18288
27495
2509
19960
17909
11271
32576
1884
25123
17475
7977
31727
25107
19805
28741
32485
12257
23813
20675
21686
10799
9416
15766
24823
32072
27433
10864
21405
31762
8870
13141
25234
16623
31571
24494
27742
1956
12325
16827
22130
1219
11716
15454
25704
573
7233
18301
10467
18800
1460
18979
12474
5623
20226
5997
25671
15974
17358
13791
27633
19829
27692
5501
6183
30067
15279
8469
7322
27693
3056
16131
9147
20637
5695
31724
20088
13935
5730
24011
11276
23131
26945
17413
27019
10419
18761
13852
9779
28928
26498
31845
19066
259
27181
11976
20776
21629
32266
19991
28419
741
25966
26766
7858
11999
17204
18189
22260
2016
19989
14528
23134
4658
26174
8088
3569
24445
25962
4445
2850
2893
7091
31856
30021
32037
13306
6263
26520
19605
20249
17530
574
5997
14574
28329
2165
30359
4913
5873
18016
12758
4660
14482
26545
17896
18933
15701
31948
8969
27704
8235
22214
410
15098
5367
6583
31400
6875
6285
21002
969
11631
20122
5948
25208
22729
17423
12291
32055
3383
14297
15543
5536
13845
5075
5390
29579
29077
19734
28933
17973
21749
24216
3488
5031
5135
483
30321
10046
4452
29041
17582
5106
6847
22904
11798
29842
30674
10564
19483
2947
14900
20420
24073
10359
27449
13473
29968
13137
28203
10912
21040
7050
20497
1019
30768
13309
16711
23173
17615
22205
4190
12
24651
14417
16121
5451
4983
28429
22667
3699
14152
15705
30874
25431
24391
19526
4256
19849
2865
9141
22534
17705
8655
9444
31354
19478
513
3284
10646
15436
3414
21891
31293
29232
19626
29119
2680
14200
7815
11209
3741
12946
3218
13902
24933
14745
1641
13703
15030
31077
759
24960
18269
3110
971
10464
3220
4714
24834
19304
11514
374
15611
16671
28303
13993
4412
28594
25064
27175
15874
7278
23715
8668
2200
7902
15917
5925
20007
11687
27707
14410
26267
7687
3004
32480
10830
23325
3254
18627
504
19246
13377
31302
16382
29214
29743
11351
29336
3334
8579
1616
19673
5525
26198
13760
17675
29174
24435
23152
26029
24564
13283
11083
1621
20849
16168
10550
9828
12386
1956
24612
12428
17955
5476
1103
2590
26675
23255
25307
29271
27609
14575
21752
15800
26658
2819
11512
18272
15852
5842
13065
11358
18737
21406
5145
4217
26347
7134
24907
14011
1910
23196
26542
20504
29029
9377
17175
14771
11414
23782
31877
6945
1537
6702
14469
8448
22669
5542
3219
9826
10741
11241
14992
30435
24815
8401
3406
26566
2866
27671
26609
2288
13129
4747
20495
23468
12289
16398
21212
4623
4067
18771
4779
10066
17156
23477
22208
16599
5876
26443
14924
32483
1572
696
18607
21013
29512
20848
9455
7511
7948
650
23216
18214
27043
21993
8839
27649
21788
14169
1117
10309
12774
24576
10711
24056
32714
22038
23117
12320
22801
13308
9037
18559
8417
1912
2623
32744
23007
13564
29720
12296
23358
1795
14915
4468
26887
6280
10034
23302
3496
25583
2451
27994
3753
19079
14072
18216
20012
27838
6370
172
1019
29324
10437
3248
19526
29414
25392
31612
11475
15787
18803
11848
8729
19187
6668
13437
2701
3391
26949
13767
11968
9510
6551
6808
30535
8977
11786
23964
3179
30147
24023
8286
32036
16508
6656
29381
11053
2064
1820
14991
12562
9146
25884
20938
26854
9083
17139
30716
24461
21372
7695
17654
14408
10860
9768
10849
24407
27117
18968
22487
6101
16132
25413
6500
3687
25768
5195
24045
25506
23748
22573
24945
12962
3373
22625
20789
1006
7973
22925
12870
2526
10835
13347
13169
14661
25106
12211
12598
17744
9814
21584
18490
4554
805
11471
16925
2217
18156
5403
26252
7053
19502
24536
26068
5656
31981
12840
6936
13683
24583
30411
15327
6371
4696
3462
30709
6733
16402
13422
19410
20738
31326
19875
15023
29235
2292
29442
32338
3069
25727
12841
11746
16192
12658
29461
26682
7451
5680
14460
7803
21409
6184
4237
31225
2980
29428
32418
21435
26554
31970
26610
17640
14757
12249
7379
4615
19034
8298
6815
21656
1143
7200
3973
11382
21327
11384
20609
22305
12057
12686
5156
13762
18431
1999
2094
3973
23916
13511
6584
23554
25163
29433
12305
27742
19124
31592
26603
15832
26574
23760
20294
20079
26363
8805
28842
29561
2501
30096
29243
26376
28557
29124
28353
4404
23331
11942
9003
17930
21881
10434
17073
30052
30015
22337
30682
7564
24053
7417
7103
4637
4932
4870
21617
10969
28333
29203
22354
4607
12202
5452
28301
3006
12958
6189
6065
30522
686
12612
17003
6333
550
6880
2148
29465
14495
19297
12310
17935
8355
15630
17669
25495
5243
5697
31626
10664
27707
19436
7348
6572
26618
27883
5707
21631
12338
8346
30632
25706
20072
562
4381
23837
21294
15559
22615
21655
26007
1907
17424
19180
955
3837
18310
10134
79
13524
973
19476
11104
20035
12707
1271
12374
6266
30715
14147
20847
2170
4963
10231
17805
1755
16213
6714
9180
3718
29127
8380
12216
19883
31741
11666
28577
16135
21805
27080
23231
29087
4537
19350
15912
7981
10279
25285
5837
23118
16208
30627
14521
5066
7722
13494
24777
25711
25090
9689
930
11194
32398
9142
5793
31358
12427
6524
22722
4782
18019
32085
19633
7714
15338
3864
21121
24603
11271
19491
31561
2534
4492
31243
5485
11516
31740
22751
20878
27792
23519
12339
22326
32508
20489
24988
16687
15268
14072
26912
30105
24417
5883
4045
25593
6385
31775
10062
23116
3839
7943
15426
25615
571
7446
23144
6394
7060
32639
10692
11568
18743
27257
18206
9815
19377
2310
6696
8339
28767
2740
26797
11635
26222
4496
25446
31898
4093
18293
18884
14291
1100
31936
23784
9003
13739
5850
27053
9416
15940
25046
14619
30892
16587
6791
524
3438
26366
19874
5300
29686
26683
13259
28805
15935
9159
29260
23073
11714
27377
20424
24632
18079
27963
1731
911
25512
11357
25103
906
14406
26410
30597
1022
18447
21049
16232
8516
16524
2162
30855
22720
7735
240
31073
23356
15602
13531
22283
1019
18368
31975
12104
25027
6428
4467
7870
29033
19053
18062
15088
8027
6491
26349
2704
15396
17109
16959
19581
17347
737
1075
6940
9575
14273
23287
15334
20157
11963
10242
6565
23920
1291
28608
12576
2988
11109
9712
23507
8129
29741
23720
31572
25428
10630
30539
19144
29508
15467
16131
23834
17492
20399
22832
21979
17926
8290
388
17154
30912
23152
7780
24602
21901
18068
16346
17820
29670
21862
3344
1579
4342
22519
13541
25079
1853
23232
25000
16460
6290
8685
15989
10782
9391
26475
3443
4216
9091
26907
9242
30362
32345
21086
17417
2049
26379
26511
7760
10394
10592
3705
12638
16326
7331
11941
23755
6122
27938
18737
18244
17703
12894
11620
6749
25109
7228
13633
21953
17124
2277
12188
20273
15777
8290
31631
7276
24904
3426
19567
8639
7765
3118
1919
17078
16965
21047
18782
15137
18704
23959
25678
28575
98
17146
28412
2910
3012
32408
18106
22319
22279
27067
12867
11361
208
25111
31797
10095
20199
27397
8423
25646
14202
27732
29240
2588
22921
11392
23164
3609
24620
19436
9404
6563
13318
28435
31865
17781
2742
5410
19702
15041
5434
15150
9611
8768
1606
1296
32705
2562
4721
25126
10921
14077
4401
20462
13864
20204
10805
18793
4165
12906
6744
31361
9350
28304
24158
16399
27471
5373
23682
32516
9127
3421
25426
23924
18260
6394
23801
2289
365
1867
16343
11060
25068
6232
10539
30125
4911
11739
9062
1425
7109
562
30287
26414
7897
22012
10947
32622
24652
11684
15875
17081
3463
7486
5760
17864
17003
10216
7725
24391
21152
15734
23590
6424
18988
3033
11983
14776
14758
5471
18565
29992
2317
18578
32037
7912
11774
7064
17252
5489
15086
7599
17095
32015
13042
1317
32284
15008
19303
3690
16723
7442
27921
11972
17798
4160
7779
16852
32168
9493
1010
20118
13035
21301
5934
20622
8925
32173
19629
5632
24582
30846
15522
28688
7967
27382
7194
9160
26948
11733
20792
32184
30320
15602
4838
21390
3700
27079
12296
9575
20987
82
21176
23584
18561
8418
11593
16760
26
16843
2564
4551
2710
30124
20334
2106
24289
17111
5720
30329
22325
13701
13087
10606
1715
16881
12240
15000
25337
24059
9259
7271
1482
1335
12802
9955
9281
24345
15746
11931
14171
12013
4271
25507
16725
14288
3444
26771
30185
10769
27577
8426
28585
10025
25266
12197
16225
22638
19043
1284
22653
13499
22944
24900
29898
16025
19692
18630
30615
6105
14582
14272
25873
9714
5499
21717
19699
10186
7668
14749
1054
8242
3366
24024
30063
17950
17416
5123
18953
7610
18763
3287
5920
28599
29690
1798
14073
25634
2405
28055
18721
1102
15704
9487
2829
27893
21746
7887
19277
24883
18591
22391
29149
24986
3826
29562
25227
23603
17843
1321
24065
16311
16530
14296
24276
27331
1152
21046
3539
3180
30121
24951
27011
16716
5299
31344
1937
17269
13311
15162
5097
30617
9823
2691
5277
554
5127
10309
22120
3863
2839
21534
10603
15422
20651
6552
4824
16278
29429
23050
20567
2634
13283
5772
1623
11212
11950
22163
24298
1674
8483
22456
14441
14688
11114
20344
21859
31019
7596
3511
31191
17084
1047
22469
1272
3095
1191
5215
22167
5435
2061
27017
8753
14287
88
29506
16817
27322
31326
19477
25104
28137
24711
30742
30311
14062
3099
7221
32137
30117
365
32300
27557
13908
29954
31043
19758
17611
9756
24268
14201
8819
1710
24371
531
30661
27463
4922
27962
12951
32709
19282
13399
2518
25092
25659
32582
22396
21466
20929
24891
14306
32590
11562
5622
19477
22339
16777
22117
13786
25705
519
8619
23306
18145
26463
12380
23081
6529
29464
9628
15277
9607
30719
15094
23517
6336
10992
6538
26630
9893
13988
12295
1320
31732
2156
14512
7236
8905
23385
7289
26164
918
16939
3629
2092
16048
1599
29157
1551
16547
11482
19583
9093
11071
14476
9174
13192
2620
16748
22150
31283
22422
10144
22065
26689
18222
1830
3271
19542
5127
2547
7620
3679
28671
28805
14396
9240
15877
18384
26415
2361
2056
29110
5873
31478
9116
14691
19409
15916
6915
403
31130
9791
19695
29290
27465
1566
31438
14990
30465
27435
13001
28260
32361
22790
1475
7089
2342
10160
21077
9117
22120
14325
15123
26101
31504
7050
15346
29308
27981
28924
3402
23820
15808
11702
27519
772
17816
21384
2768
4316
132
22990
29854
31708
12948
31649
3484
2637
20655
23393
27768
25204
13534
21315
19767
11019
20559
24515
30938
26869
14083
24333
7352
12207
23784
20890
15692
21556
27366
26992
27377
18826
23745
25427
27496
4107
30352
29716
28671
31861
18951
30883
32637
22681
15597
21771
4491
28483
30883
25520
30164
28036
19973
21310
11981
8771
11406
22268
4078
230
32758
705
8369
31409
19289
16508
1930
3729
13166
14405
2340
14747
2707
7697
4090
20937
11597
3714
19907
27903
4844
23322
25874
31823
8760
28613
8723
19625
7147
16037
25936
7828
32394
22234
32135
29331
14233
31131
21678
18268
31444
23471
50
31896
25861
29411
1496
25450
12640
3280
4061
2525
17866
24371
17024
19654
31465
21950
19036
6987
17300
22199
11653
24494
17777
24074
15842
13198
30353
16377
22147
7376
32237
11190
6935
17347
27165
5275
21877
19795
19189
3175
31094
18105
24794
20538
3393
13517
30246
30682
3750
9869
6324
5367
25973
8005
16037
30590
14485
14140
23977
23816
21167
24817
10481
27527
13620
5443
18384
923
154
570
30574
12640
22720
2174
18325
10342
10383
18150
17721
14914
27889
20708
23717
1861
2826
23906
23921
26849
9922
13301
31907
191
15153
2578
15877
13279
4076
13033
29183
17094
31275
16878
656
24681
30846
30178
4089
9872
30528
10996
16538
24457
15541
12004
15999
13612
20690
21293
19502
29129
29971
12097
31735
32128
30253
20582
9058
22157
22954
31287
27168
11343
152
7044
5794
28885
12806
4247
9114
12434
24706
2970
12694
11499
10317
32514
12774
29877
831
8238
14701
18190
12304
17779
6819
26974
14474
10950
25361
19860
11930
32243
1414
23941
18853
19757
25946
3213
16666
21291
7269
13032
28497
31708
30550
6326
15911
30840
20237
31745
22035
7650
1744
4896
10007
7116
28299
15697
32146
1496
23980
24182
19340
30684
9583
2434
5908
18742
22953
30745
10146
12686
16400
8091
19686
2992
15914
10327
29462
34
8305
8191
13592
10676
28546
22474
30059
30859
30487
14631
17166
31029
7111
31364
31043
25843
28706
12866
5
31793
25866
10708
32507
16230
5887
27288
17785
21137
14787
5153
10409
3471
20251
23903
2667
10295
5283
28514
1029
14354
13473
7955
20960
20430
16409
20796
29892
8958
28217
1910
9717
24384
10236
5760
12345
3872
5190
9430
1691
10642
19018
6350
29611
30806
15403
16994
32706
12920
24622
4048
12692
14283
20673
11603
11237
19268
27382
14816
6431
17973
24206
10116
23715
2321
1387
27376
29786
29524
638
7458
23212
10859
15861
28000
19869
30540
23399
16426
24995
14592
18728
10329
5281
23309
16875
12435
24246
31061
27580
11647
767
25892
3072
10178
15923
16490
2906
856
20155
1049
28199
26554
6046
20538
21392
24908
7115
16132
21396
31627
9956
2467
16170
24559
11498
9671
32092
23622
15112
3133
27238
1006
14613
26773
31888
14533
25906
25681
31089
23086
3445
5970
31110
204
6690
8363
2061
25049
14007
19974
19777
26828
2163
10575
30605
24570
4984
11306
12599
4102
2664
686
28602
14403
32410
12039
1795
32734
31709
22087
2130
27980
5134
12984
16627
9967
8276
11452
21565
12426
13106
11927
16730
14565
833
7798
22899
31152
3363
32178
21965
8652
10239
5194
3978
22658
15625
21953
14281
3788
9768
21173
15340
29546
13223
13239
19910
15372
7176
5507
27007
17069
13079
1523
28989
25913
14190
5171
24885
17093
1917
29014
20160
16401
10140
6588
7451
24444
7870
2714
3560
22846
8360
646
28343
5470
4901
5421
485
15953
28508
31732
19198
14846
5344
9486
24889
3510
10361
3360
14062
5128
10313
15595
24844
2202
13417
709
7305
28492
14699
13693
7682
8238
277
10013
6508
23875
14048
7353
4155
1066
23703
11302
15026
18080
31956
31824
27823
24314
25623
8726
4974
19842
31661
14737
17210
8638
15451
31717
30579
23624
30803
5836
19993
19307
31955
27885
8589
11956
19634
27648
26582
5530
30831
7750
18095
15509
25893
19219
1208
1085
31404
26667
12540
20931
28264
31223
28754
26014
22338
2968
27080
22267
25049
5666
22673
23308
19171
18251
27575
18606
31558
9449
20292
24590
25637
31611
31401
27445
23201
25355
29039
1200
10210
12857
23672
2437
3585
14138
15162
5000
30740
11494
30484
4614
1678
5878
15414
14143
28349
1014
25272
17725
13679
9543
1931
17311
1312
25395
16850
24393
20615
11549
8270
7832
17835
20469
6093
21199
22132
6372
19745
27493
18420
31297
58
17297
22264
24744
20518
27778
16305
5559
18118
24741
20054
25047
14395
29360
24522
21567
11793
17174
6042
22644
21820
27806
29836
9387
10875
32431
27488
32570
1355
21844
16690
11749
21671
29619
5647
29520
3753
20162
17123
13720
30752
23021
13509
7755
23903
28669
25096
27450
31171
29652
12638
4024
9240
2738
13537
31065
685
11464
29176
11969
14866
19849
953
12246
5359
22617
22772
22094
32372
18458
17609
7109
27286
4020
1517
25980
20024
1663
21629
3208
26622
8030
5408
4452
27812
10382
9470
1057
5277
16622
9376
3713
14603
6207
1369
20213
11131
4801
18736
13506
15266
5303
20665
22981
17946
27164
8385
22083
17817
8424
12693
25221
21008
5075
18810
14073
31273
13228
8867
22493
20106
26576
24343
1699
6278
29877
12893
7835
7901
270
23584
27206
25370
11371
4678
16803
17024
18979
12444
28694
11811
24313
8822
27147
177
6092
30639
7998
17133
28005
2638
12157
32755
30646
15368
8801
28351
2198
5673
18461
17269
4215
19157
1041
19136
23556
31370
10434
19447
9374
19042
30995
22797
24482
8602
12350
31306
22339
4875
8530
14468
11049
26735
30160
25364
23036
13632
21311
9684
23614
18955
20686
18019
14091
18217
6611
24001
4892
16946
30784
17141
19104
25768
17604
25354
28832
16114
27170
30824
3696
30931
1015
4541
2512
19285
5284
24536
6698
2790
12763
2696
11730
31653
5495
16681
3494
9471
2794
28235
17521
12988
9613
28141
4942
929
10813
11922
5398
28094
13361
15590
18001
26096
10874
21383
27788
20152
32004
2473
16718
12545
14640
