19326
5432
6669
9503
11816
1771
30050
28037
30256
28023
24306
4155
31310
9538
27951
26443
899
29139
8445
1060
9527
21720
22106
9045
24218
23770
6785
18985
20996
4050
806
24367
24736
19093
29797
30146
16822
3207
8991
19957
20082
14179
12416
20176
8227
17102
20440
13400
2625
1062
10562
27483
21383
31951
27650
29944
8394
21915
21241
19669
144
14269
16753
30045
27750
3912
25693
31531
10106
10553
17223
14163
2652
25844
10070
27684
842
5329
19170
31868
28456
3755
23079
24565
26528
29546
890
23430
11604
15466
5112
7695
8621
6198
1259
13417
18772
12730
24588
19716
24806
26574
8715
21735
10034
7297
6460
23462
26339
16587
30316
12948
467
14835
11453
31816
22067
31450
31393
24482
18859
17881
14050
467
8729
25159
12052
30602
14079
9765
17904
25320
8184
14947
32224
25974
10785
25948
14858
31069
25863
4848
14598
20230
31621
18458
2251
27706
7490
26506
3151
16211
11908
32275
541
4400
18056
11438
2649
8076
6608
2635
31786
16994
3729
25421
31044
26745
19244
19754
27967
4239
6127
528
22619
4026
32234
19327
27874
13150
27815
1157
17252
21391
21858
3336
5900
9094
1043
31954
25231
18841
6407
8218
22331
15035
8978
2340
29674
20490
22873
15922
9246
8362
659
1422
18219
31104
14300
17338
28370
19926
16527
12473
12246
12523
14549
29073
24066
1057
9359
3197
18523
26458
9886
23620
19004
6020
30826
5753
12452
8207
17869
27204
14486
4496
3999
17750
12379
16812
20740
25240
15495
7677
31097
21495
968
21580
2956
22839
12065
296
1268
24954
26255
10325
23088
763
7081
460
8004
13975
6318
1369
14436
21221
1413
31608
16956
14012
29365
22179
11334
3223
25826
18911
22380
806
24518
10664
11516
18627
32331
12004
6092
31265
28182
27904
31481
21940
14776
5183
8400
31566
23131
5725
17268
31832
3092
18519
2012
32128
16672
29000
11688
2838
24573
5629
27224
25928
1761
25403
15955
11921
18843
225
14853
3226
26717
5974
12041
12641
20293
24740
25558
27214
16598
26990
4711
728
27409
10516
22047
19631
6280
23012
16467
2124
25211
18280
23495
19402
11646
25441
12718
23631
14821
32634
21571
9743
22580
31479
877
22557
21963
11235
9932
13680
9794
26663
21623
3545
3957
9202
14572
30857
13944
24902
17672
25129
21651
1024
22596
26413
16599
13753
9878
1086
15711
19023
177
1086
11707
28221
26962
7392
19774
31810
12957
19877
11463
28617
23723
8707
23184
8360
26881
3
23242
9425
15373
19792
9122
28087
31542
14267
20318
12811
9212
2743
27509
22986
22466
20004
1505
16474
4350
19739
9573
19500
4917
12237
17291
29068
29775
21495
28922
24385
8334
6548
26876
9543
2212
2025
21175
1201
9974
12447
23537
22717
22813
7089
23758
6489
31315
2209
24200
1690
6926
27199
31775
7949
4000
27771
7016
15590
29616
1071
27743
5035
24921
26424
14779
13534
9973
21791
4000
8700
22865
9034
27175
4807
22673
9370
4262
26539
4571
18868
584
23706
28812
32171
25559
7845
30550
31713
13587
7741
28401
29653
23630
864
9501
22514
14518
27064
17529
4251
7372
4232
7822
6699
8468
31858
10624
10705
29957
14245
27085
9307
29635
24857
23870
18362
14202
4063
27613
31937
24065
27799
20378
10798
7545
1223
10426
2854
26898
8526
22688
9706
2481
9413
8613
7328
31560
2998
31040
20352
28148
11436
25397
1139
8512
24841
4227
14783
4092
29367
15438
2704
14805
20929
27250
19135
27240
27205
11942
2143
26375
3120
8534
21185
5045
8491
28582
22200
20354
6069
3806
8918
21904
11498
31664
29117
12739
8722
12117
22878
16674
26510
19359
4253
28153
20932
12884
28578
24024
7058
12669
18325
24025
30136
6981
685
258
14030
29821
19481
22116
29453
28062
19035
18688
20065
29275
15508
31118
32395
23831
28680
1661
3871
2444
15453
25035
19584
18094
26620
29010
9893
18635
12549
3603
31267
32388
22225
15802
5970
19389
1692
7880
20435
16820
13465
27638
28007
6479
18351
7067
8414
4352
25773
18189
27859
25134
30435
1172
2012
3430
2936
7748
21259
24196
23018
12086
9594
21576
20216
28853
17790
16898
18396
5603
29790
17309
24142
31336
3985
22408
5897
16893
9667
33
2791
16212
28052
1687
26072
30925
681
31137
22458
12592
14081
1557
7118
20862
32254
29562
27692
17171
22903
7407
22797
27055
12099
15328
30934
23965
27329
23391
2011
5558
20524
14535
19420
28814
26923
24175
23213
1238
16530
22256
4500
12107
20581
3392
7168
31880
10949
31224
27748
15322
3484
19371
7712
9605
23924
41
27912
28803
10053
19443
24597
1770
7241
25111
23296
31998
24429
1838
929
18262
5577
11760
11258
23685
30918
28417
28966
17874
31802
1785
14717
24566
6277
31583
15633
13606
11549
8871
20377
26152
1160
16055
2275
18090
13315
6405
9753
25443
30454
1729
2088
32767
20658
28176
7487
29756
3414
12153
32330
11894
22950
4601
26204
29592
4790
23526
26224
23983
26979
32763
20031
30088
10305
15507
27327
21670
7414
31162
15167
30779
7826
654
4628
8448
19185
8155
20987
7248
10629
19264
11756
19873
1197
6145
20675
2743
13036
12201
14335
28676
2691
30251
6671
9742
277
28696
766
8569
2609
16468
29006
13663
22027
14132
26397
14947
23069
5651
24742
4496
1988
5729
21024
29258
8916
22479
23528
11809
32038
16341
16461
11345
9013
21195
1263
13609
25806
2688
10112
11313
8004
13137
3277
14562
14598
32159
28850
25153
13412
27264
25237
30475
19106
23306
29391
14422
31999
27739
8143
32159
5127
6240
7672
11277
17536
20749
9848
24736
24842
12561
909
14857
2209
20908
1132
3556
21932
1756
26148
15734
11274
9198
11797
4591
1001
28378
10598
22445
30951
16105
14058
26004
6452
22121
12463
7888
15609
25221
15311
30869
2604
15090
31465
9334
12054
24664
11692
28626
25066
20536
26499
11142
19594
31768
1658
3270
28071
7108
7
26491
28743
12398
13678
17766
22233
14055
24053
3901
24928
1264
15713
8653
21982
17892
25974
10290
10501
25586
17756
9812
27071
24322
4627
9319
28939
28658
15041
10377
31157
20533
12463
15332
16596
24036
5465
23755
22524
7668
11430
29079
29582
23158
22299
11888
9519
17110
10372
13400
12345
18388
28874
24874
21152
8836
27728
24676
151
14579
15437
28511
10272
32325
21015
6263
26851
14734
20262
7162
8255
12694
16361
12202
29222
8740
9104
22319
17787
26965
19077
24300
31301
23718
15413
23248
9871
10026
9048
5685
13416
26263
7744
21813
14818
7193
29930
10015
5747
25475
51
12755
15541
26740
18124
18460
4417
24334
27492
20068
21998
21782
20590
12090
14533
10133
3382
25382
24878
4374
27364
6625
26508
25816
17415
21820
28878
12605
19980
3132
11174
8917
26113
6887
16010
16236
24298
9715
8851
20076
19571
5770
2442
22982
8082
4248
21649
21605
10244
10655
741
21359
24751
14656
8069
31097
28872
16358
24750
612
31242
29995
15242
24759
21379
10536
14002
27635
15038
2960
4996
17940
16007
27979
25094
18728
4706
31762
21203
8663
2314
7471
23935
2016
8127
15183
32514
3759
16400
24682
9687
28419
28429
28056
3941
1002
24368
29408
21491
7825
13530
6949
22617
9263
20032
31526
26600
775
16643
32409
22739
10628
14061
609
27322
30764
26479
21767
16983
24454
14010
30099
14507
14264
135
14620
19064
3118
28820
8681
9629
18767
27076
30526
18486
9909
19922
12500
26074
6392
13035
12436
9266
12114
16408
18066
3928
14113
26699
13453
6461
13427
3052
25176
14984
30095
26314
5380
2818
14676
9846
9429
1810
16282
27226
32268
13819
12626
6447
24330
15233
26030
3413
7981
29386
26496
30524
22149
686
7724
23025
4676
9306
8428
27159
8804
30338
20407
30517
6372
27321
24879
7864
11836
3976
22642
17361
22543
28608
21194
269
7735
26097
31435
26913
21328
32387
15796
24683
15805
27390
15915
23182
25374
22906
14705
2366
11719
29561
1064
15702
21093
10444
25921
29897
24373
7245
18904
28433
15540
6490
4650
21384
12781
6394
30381
27901
26898
21025
18852
7992
10869
12396
19492
26924
20577
19679
18646
8718
245
5065
15319
11566
22323
27592
1975
2111
14329
7406
31801
12708
10852
430
2384
16508
3290
14175
18585
9192
31290
13589
5954
576
17982
25254
22658
32492
24785
254
6563
18138
24316
28331
1643
29209
8995
28025
3613
8922
18259
18367
22946
3420
18578
26550
20404
443
15498
27162
9015
30120
17401
21688
2865
25640
18418
32573
11057
22610
2224
17079
3821
3624
9941
13135
19294
20001
542
12223
25145
20511
7537
22814
12692
12596
28115
26159
18623
7906
30428
16691
29689
16797
24598
24885
19179
16515
28580
21355
10744
17395
12609
12031
5726
12598
24766
7809
1775
8813
26432
2896
12926
11676
31551
31804
2365
10480
31016
10877
22797
26947
11739
17080
7717
26039
8094
23147
6408
421
25139
28463
26106
11560
9998
10727
5559
17547
23608
8288
8278
28025
5269
30776
24890
16860
14977
17775
6006
12596
26832
31075
18136
21931
27267
32175
18532
12740
19082
21474
10243
28158
3647
31853
2830
1008
30211
31084
4326
32240
22549
17155
21520
22397
25283
11186
11149
19445
4879
18945
17132
22027
12758
24661
12746
27258
18363
27217
5750
4091
20509
9302
25058
14869
26862
16300
4764
2311
7937
8185
12369
29213
30859
20709
9076
21973
7945
23769
16419
24035
18145
17078
2158
5896
4646
13599
174
29317
15556
18489
25485
24510
32086
22155
1280
31983
31457
6677
1160
20778
17855
8012
17158
20963
10547
10346
1268
11588
7848
2215
20235
16277
25965
21559
1526
11558
18760
1553
5614
23290
16661
7961
6219
2324
13127
13546
4532
8523
19677
18579
23168
12965
7215
2471
12272
21086
3384
4772
7958
20816
8827
32503
13293
2360
18054
23797
4637
14252
22586
20567
4802
30408
31083
30691
3654
544
6458
30096
26055
9385
12076
15153
32202
2307
32553
29506
8488
1939
1398
28071
26140
13640
12885
4178
9897
29916
21928
23955
933
20975
27711
20850
1535
10565
154
18109
31542
9084
9251
4349
20935
11089
29944
27241
2856
8583
32669
13576
20688
2888
20183
11942
31248
1588
28038
18800
4431
31980
9443
12080
14312
23043
12950
1348
31338
32173
21783
2924
6141
5453
20100
10252
9498
1225
23439
333
11966
8640
6229
12580
4152
32062
10147
4097
26177
25244
24758
13812
20446
30485
19923
21882
30229
7196
19984
357
11049
25919
14082
3095
10126
6591
10151
20397
25441
11936
26308
8609
14015
9745
29215
6563
19040
32067
11415
6627
15350
12275
23520
16728
13599
20867
20607
16131
11429
30449
10391
6183
8974
24380
11055
20077
15211
28803
7589
3509
2223
27508
15361
26439
3830
17799
13814
8242
26932
19727
17624
27762
503
9874
29575
32394
18535
17525
8503
26869
32359
26428
23562
20026
7024
14034
3267
2602
19712
13039
6383
31914
10574
10967
16791
21060
355
29246
3038
29184
2066
3337
12234
20202
30646
100
17305
2788
22516
10766
23401
3988
15771
4958
28161
8220
10245
21266
15548
21830
5622
3645
9949
26832
30951
2144
6713
11686
24585
32581
7196
16497
11194
14192
15333
23718
31191
26272
16668
18740
318
21696
22143
16906
28327
14119
371
8481
2665
27767
3004
14237
13040
3712
3100
2115
32625
22921
10997
21610
4915
27386
28625
10656
22581
14284
7069
17890
21223
4143
3550
19710
1840
2812
1638
3906
19537
3690
1083
14913
17535
3813
11629
29006
16734
25519
26954
31572
16816
6847
11691
32599
19283
11145
5342
12170
11388
12155
6304
24401
21413
19405
26664
14733
27754
14815
24045
13966
10423
23743
28415
13026
30245
21222
29956
19465
7939
4577
28754
2262
10475
15479
7504
27855
2932
12577
29661
20186
13552
17219
22800
8755
22136
25082
19131
10669
3469
17999
10279
8148
14756
24012
13352
5632
21772
27121
2652
2443
27535
25250
25177
28160
4894
408
11659
7085
1170
243
29325
20047
1117
30676
15271
15531
25540
2706
20710
20344
18251
13533
10890
18643
21238
7078
31181
8956
12799
7621
28332
18768
4323
7407
6904
3234
17841
5322
25512
20970
12010
28922
22079
5756
7823
28991
4439
19260
22045
24373
27934
20585
30589
31633
24856
3037
30911
32183
19489
19734
11115
2572
5586
2458
31533
73
6382
13416
10531
13964
30484
21672
10705
24909
4075
21052
13530
17585
14388
914
28213
8170
29517
4986
18594
28250
31105
10569
26646
27175
22474
24943
15525
4281
21746
6856
20272
26307
8088
12597
26500
13176
22850
31311
5823
2050
16599
26471
25788
32319
958
25556
22631
15760
22379
5926
25678
959
3687
6162
30196
9182
30312
11205
5931
13145
28863
9325
20293
22273
21785
14809
16569
2328
1935
15704
28494
4762
29374
22521
2871
32623
15805
31043
4127
32763
28606
6293
8206
23421
11008
9152
27018
31106
4524
28315
27031
2734
28026
19927
2486
12530
12645
8965
15842
7015
16150
12206
26380
1829
9010
4780
28355
6329
6874
23747
25654
29596
19476
19642
7395
31723
7228
31626
32187
27069
18139
17275
9126
27893
6897
2682
12289
29755
13204
27550
17628
30544
10073
22252
12818
32693
1023
18215
3776
21858
8997
722
11685
27269
30454
18151
19291
32265
15406
21133
4390
18953
8916
32160
27385
17040
1203
13917
9421
22616
5915
9732
10895
1825
7135
32650
28594
3176
8036
838
23029
18103
28563
9160
12206
25618
3705
24749
9851
30889
9668
17618
24548
32474
17150
9599
31364
23369
938
24523
14965
19679
32695
6072
13459
16136
32557
11579
18626
31574
4053
25580
29146
3457
6962
10984
31433
12405
3175
1457
8965
14632
15053
27424
10455
30040
12477
18763
16551
4963
27839
764
29204
31587
13665
23074
10290
3403
4962
20546
29327
30670
25995
1620
21947
10256
29064
29646
30046
21477
21294
30262
26908
22082
32635
12008
24932
8075
30211
22138
23457
11096
5805
18203
16644
23353
31577
9061
24029
24149
7691
14834
19690
5600
5564
5275
4739
11906
18281
4638
24299
19181
11505
5600
6931
12102
22262
5043
15805
32732
24946
12447
14634
5364
15708
24263
13909
28329
24164
24810
32218
11110
32108
17443
31027
31500
11137
13441
28609
11990
30586
9412
1655
21095
10937
7025
29187
28316
23668
30026
4753
23553
8283
13007
22569
3103
30936
17216
30164
26246
16263
30172
707
23528
24808
3857
9074
31938
20402
12702
10886
12125
14134
19019
13812
12928
5183
4872
3689
13238
4442
27556
6750
25833
12348
20900
30829
1898
20851
22104
10698
30835
22919
19056
27126
26265
15496
20550
28190
27390
16641
8527
28907
4717
7902
23241
20378
4197
27339
13041
22281
19807
838
27159
30631
6189
21558
9373
22837
14984
29255
13039
4164
26923
27658
2924
9190
25669
20575
30521
1047
16476
30762
6584
23272
7199
3680
13338
11814
25677
26350
17977
5267
7208
30271
1749
17974
30925
12638
12162
9600
28330
14644
31752
7590
24317
368
5019
32226
28763
1776
19465
3996
3376
10271
8128
20882
8489
10286
24569
28513
13595
16953
19832
22670
11967
16747
15682
31219
1523
28265
26965
17313
16002
8650
1453
17925
28611
8879
17398
32329
13682
1332
6762
20433
20469
2093
24069
7601
31889
11748
5836
7652
5057
29958
17106
8141
8483
31245
25951
9424
797
5132
8163
9044
17869
27322
16930
31661
10754
22520
26989
10624
5919
22971
4539
22534
24829
32079
8703
2294
5664
21221
21659
10870
26453
884
22786
10799
32596
5219
10486
27833
21616
2608
27409
22291
10210
5627
13964
12902
7507
16274
21500
11129
5380
23382
12528
7321
732
28917
24424
27720
26163
27225
1411
23998
20881
7737
25060
1342
20471
30890
6071
16317
30832
27150
12730
27797
28198
558
18767
10668
850
23194
2252
31657
23389
17780
8917
16399
30551
788
7874
29731
4227
21840
24680
18800
14936
32037
29285
13530
5421
29757
17944
10642
2591
9485
22982
17434
16870
32187
3587
30105
2437
14574
10858
32022
16625
23744
15431
1790
2920
11857
23227
929
2864
5558
23641
1924
5458
10597
7251
6024
11624
10118
22389
15442
12273
16032
2063
3670
21184
18620
9222
26301
16448
30018
32131
20567
31278
7091
13503
3647
7151
7960
19115
19349
9588
19460
23325
14521
18909
17295
24991
12451
22349
21658
440
3132
4322
3155
10233
7704
3492
28314
24927
9225
11891
18673
32536
970
14755
4979
99
18654
13095
19555
7978
8579
31879
18005
6952
29478
10027
21760
30459
11399
4354
25575
6035
1841
13762
19771
14786
8861
27727
9067
4124
30538
21070
26223
24635
3862
10674
29628
25820
30978
8898
11332
322
8117
27167
29177
8350
15668
7542
19290
8356
21458
4533
12299
18292
11718
32608
1276
8044
17136
11626
20318
15284
5362
237
24007
25632
17804
25804
18419
5063
31043
4245
14966
11017
18187
15508
11941
22517
3008
24657
23777
792
19841
21493
18486
14625
18168
6804
29484
22198
17303
29965
3269
19093
26751
2605
14704
21877
19076
1668
27829
4557
9251
6129
13200
7171
11695
27765
22446
29503
28568
22317
14548
1736
22334
27374
8253
32765
32323
31023
15409
21493
3495
22734
25658
10301
3438
21533
29713
4254
24285
4715
20896
29998
28965
30859
25338
22607
14080
16077
4500
16332
25307
20760
31159
25701
13334
29602
18637
10552
20443
28765
32761
7192
18504
13311
13151
4971
24195
119
26251
24954
1929
26625
13848
22990
12958
22625
30085
20663
23255
10644
27707
30975
23226
16636
12816
21694
19318
8510
18493
1533
13348
9489
6367
4745
5017
15492
11447
8502
14738
20065
29493
10851
16624
19355
6827
13429
11561
7409
32591
31408
27459
8650
10152
21031
17923
22815
4801
28704
2502
8458
30953
6234
26814
22963
3977
22632
4446
4008
29169
16764
22808
26374
7767
11305
2142
14827
29144
10152
23194
2245
12623
10742
2583
19307
13850
16169
26106
24770
21299
27114
25086
13436
2244
19218
28295
28132
28326
16265
4781
2294
26755
1343
12929
655
11339
7451
26083
4446
25289
12998
28971
9683
30512
9560
27284
14105
6798
2013
4461
26232
26533
6026
17972
1295
30268
32614
29211
10841
26457
22041
810
8409
21311
2295
10953
12794
27438
11915
140
20565
10666
23910
5214
5846
24179
1553
29597
12445
1659
16169
25388
19603
10728
11335
23042
22851
15835
2380
15580
751
5916
30700
30143
20734
1444
1167
27290
17926
12961
27931
22562
20617
16324
4528
17668
8882
24829
12356
11636
7661
13980
1817
1013
31100
7434
5659
18614
6314
24226
21884
20167
25244
17211
1132
21240
14019
991
7693
13320
24822
25125
31473
21787
20957
6011
18572
22210
18442
16578
21051
28419
963
16574
1397
11545
29229
25300
11478
19887
11016
3793
5575
15027
9176
303
17050
16629
15149
32707
27061
23274
30599
17449
545
17384
23867
11054
16583
29406
11394
32301
23941
9889
9172
8970
8274
12581
10151
19676
3604
15579
14837
19626
8958
19235
25361
21649
9669
4998
19391
29259
7889
2613
28872
3713
6549
10176
30602
14125
3737
1411
18549
27112
26048
18027
14036
17421
8817
11848
27607
3529
19253
13595
24977
5743
19052
15217
11557
7305
26630
16348
29559
2380
17513
19263
4792
32092
29606
28360
29014
14106
8201
6440
29023
12219
30908
26862
21745
20936
32678
14162
25397
2187
17066
1765
27789
18593
178
1934
18328
2475
10233
7308
16829
23276
29611
27076
14382
20550
28284
13986
1645
11786
15558
23717
28460
21129
12145
24456
13577
7520
14988
5614
4486
13758
663
13308
21930
9408
7096
25408
2572
1282
6224
26050
29539
16609
24250
11791
1482
8015
12471
24031
22888
28600
24736
28722
9200
2946
2866
21999
31786
3992
13890
23645
5855
6763
2552
21362
1988
26701
3259
24946
11400
21756
19460
6092
29795
28770
12060
16896
4721
22863
10878
5787
29132
11233
20525
25092
14807
1836
6510
31678
20325
17362
13771
22518
21066
22623
1600
30113
8159
30518
25372
29891
13240
18106
9919
8157
27615
21731
21678
31455
27975
17855
16977
10537
26161
23943
2856
11571
15802
16289
16442
14567
6075
7779
25525
6459
6790
6918
22533
14927
13371
26133
23418
28555
530
14567
28375
18605
8396
30053
30478
17480
18435
22760
22948
14538
12559
17146
4557
22096
25668
10074
21937
11128
22103
27423
17246
17475
20247
30604
11721
10335
3791
20293
7841
4719
20467
6182
2002
21280
7869
16894
2364
8964
15150
10901
21540
5725
9154
12077
14355
28942
3295
2984
1887
17040
19748
6113
25131
23624
5797
22128
167
23942
4157
24408
28370
2147
28665
26097
24203
7594
22322
8910
25967
8203
12880
7462
15367
6992
25241
28561
12245
9607
8432
16542
26349
29
23186
4723
8529
30064
32507
22537
31401
31220
29428
13573
27204
14786
25487
31398
10857
16314
32113
16347
7154
32726
18808
28342
18424
21400
22686
32275
16583
7980
10531
5227
7724
28169
3103
6728
21508
10013
27244
27375
22704
27283
26298
26676
30786
31116
20679
7911
4510
32304
13969
19867
26851
15534
24719
30403
14407
10658
25107
6866
28636
11729
15990
23880
9798
12480
30187
14390
16188
30999
7282
4795
4063
1033
1121
25445
4305
10431
6737
15136
9860
16183
23348
16919
22259
18446
16758
5711
26178
21630
16998
21996
16896
10098
31745
3612
20301
15522
4235
4882
26517
31430
31024
11849
32278
12983
18835
29842
12461
2606
30262
4096
10228
24220
12976
19309
16613
3356
4393
16880
23224
2448
17677
21117
21197
25660
12249
1406
13606
6556
15698
21437
21038
21694
28594
169
14965
15609
14502
25631
16792
2040
3130
5977
30722
27264
21821
632
2688
30595
21354
20195
6960
32058
20946
12650
6521
3879
8582
15489
14512
29354
28402
5253
22584
22503
30340
20032
5025
14433
27402
7010
31461
30867
22685
12784
12386
24571
19934
25701
27503
9642
7781
31375
15907
24678
27416
222
17663
31577
10464
26476
2290
8837
31969
24901
20979
18870
24922
5679
6700
18724
13578
9683
16892
10917
16301
13429
18777
20211
28982
15216
22378
29551
3811
32306
7947
26219
17060
25715
11586
25679
27638
3196
26332
14511
7649
26894
23074
5142
12572
24576
27034
28614
10034
9391
4014
26191
3898
21333
14339
9549
9390
22122
2743
31663
31638
9832
16707
16578
12079
15075
9355
15996
21365
18302
7803
14189
7600
26253
30347
32172
14049
31729
3180
18440
5291
9310
12817
19493
16600
3187
7706
30009
25111
27717
12303
10287
5578
18993
17947
8066
13649
17384
1616
20837
620
21831
12723
9490
6069
14533
23858
32499
15298
21585
22621
14767
18614
8771
10967
12681
24903
11817
11911
31618
7659
14714
25226
7569
29944
22440
28860
9540
31161
32237
16944
6151
8003
1799
17695
30620
16266
6233
13817
9735
21726
19441
24718
55
23998
30408
12554
17832
31390
1720
21363
6860
25508
60
3766
10856
4275
1672
7161
6266
10870
9730
23803
31673
5278
30366
2750
15150
31267
7957
11986
14275
5744
17787
8445
28552
29683
19663
27965
14574
2206
3170
30693
3602
20320
23793
27998
31133
30391
12010
11364
20603
16201
542
14523
5237
11280
10637
21326
21447
31562
5844
28291
4784
26683
22058
17648
9714
21713
5839
11623
14755
16056
1826
746
9442
27062
13462
32278
27390
13121
31975
24164
29249
21821
22474
26826
19693
10383
2008
26266
8851
29053
700
20278
7792
31247
16432
30277
5841
5759
14818
14367
15017
28982
325
13515
9159
28619
27253
24217
11211
30174
3074
21074
11356
20525
22573
16645
8342
21364
7861
18374
3817
21188
5019
5026
25971
15534
20311
30839
10845
32299
11307
15000
30694
5492
28781
712
32705
25697
6529
19118
2009
4572
18931
11877
2966
18134
26285
9042
4851
16905
30647
14050
6645
4057
26276
4588
24792
3860
5375
18882
15267
14894
1850
15226
2189
21412
18261
13605
4283
12654
28746
11701
10542
25098
3719
13950
8784
1376
11298
7790
20217
36
11815
2689
32434
20099
15038
101
14704
10654
3291
22861
15279
13299
9858
24973
21364
20146
15697
13626
19158
25280
22439
7044
29042
29065
31029
13441
26413
8650
376
327
3886
9040
21489
9816
2486
26711
7512
14763
4196
29860
29761
4815
13927
12084
21594
21649
18380
17064
2744
19686
24665
11292
26604
22918
6434
15031
17579
17949
7175
5437
31492
5039
17455
30164
14492
12578
13946
5433
10503
21919
12666
9591
21876
13982
5591
28013
7286
30076
14518
5031
8338
19715
13597
30480
20859
20403
16127
75
8267
25503
24031
26867
22791
20068
22238
9175
30813
13487
32336
21082
23875
28277
12717
27573
29512
5655
16934
16402
22201
23620
2389
1197
8568
19615
32408
23025
12160
27702
26515
4203
8222
9924
27111
2046
23647
17151
9736
23176
7701
24178
28563
17990
8613
14437
13236
1237
18884
18175
30483
6190
8872
26148
26618
32441
11372
21937
12428
2815
19604
19795
1839
12611
5971
21542
30501
27912
22720
13753
11879
13115
32227
7800
4990
5865
30108
27439
12566
21790
27180
32664
24451
17433
16623
10832
18652
697
8231
10285
6080
17614
8376
31844
13458
1498
8609
25557
3160
17589
11258
29149
4605
25000
18201
10693
4194
14983
23120
9561
27058
8461
6076
8635
9010
23031
8713
10637
18559
29632
27594
24268
11923
13654
19268
10714
19701
20665
4430
21
20707
9030
7752
17767
21332
7892
12943
13275
27320
10843
1276
1671
109
7690
21179
12552
7250
31000
28818
11342
3375
14418
8959
32589
15586
5683
22432
26116
3754
2133
5869
6943
7048
14451
20898
17615
6580
6844
5690
21627
21078
7669
29808
20078
19375
2385
3905
3512
11698
16828
8563
9040
8541
30868
1526
16686
3875
7098
31642
26033
20869
2307
12078
14622
24601
29918
20968
21693
29759
18191
3336
10593
19256
20107
2963
8522
9034
28452
28366
17814
27536
8128
30309
3493
23691
2576
9781
29771
5144
16494
2852
7147
17744
12121
16126
11905
17638
8824
6866
15288
6811
100
12207
17073
4583
7351
25839
11006
23140
27438
8486
5030
20647
25863
1433
1365
8845
1345
15160
7213
22106
21480
28250
12179
444
20381
7260
8237
12981
17406
5363
12848
28186
19155
18159
31966
26383
31098
14698
32659
24956
9700
16395
28131
16865
19674
9068
23988
13933
29682
14171
1136
27534
2801
974
20269
1687
15994
26603
13032
18163
11317
4980
13385
29204
19723
15593
31469
7800
3699
13822
11456
25302
17378
12680
25107
18682
19496
23877
3872
7822
17826
7530
11293
5708
20146
21884
17819
21950
19913
4896
12451
26973
2373
10062
22648
24192
19691
3186
32304
24590
11802
7309
13450
32094
18747
27175
26607
5967
17516
4808
29371
4929
4003
2815
27030
12547
2747
5526
20073
7156
4812
773
25545
11672
23326
28309
859
10826
4503
7447
18230
22021
31905
18431
25398
7134
27187
28567
24499
30450
5998
18323
20282
31095
31252
29002
14264
6766
24089
29553
13077
19388
10843
26930
18632
22613
20089
8609
3583
12166
6180
27255
17810
4265
9558
2740
12556
25933
26460
20582
23122
4917
12263
11518
4465
19931
18505
26751
7228
9019
26292
32544
25399
7892
25606
25795
1908
583
3416
14402
9259
32575
29482
21441
26190
16341
26881
9972
4162
17915
8820
1182
2217
13855
30146
20770
14141
3389
6702
23409
9963
16850
24392
27288
15419
6588
5234
28182
13293
29895
9627
32039
1338
31362
20362
14677
24432
2306
11
22359
6592
2650
23194
12464
29388
19183
188
24470
13499
12899
5868
7390
20919
25396
27583
21496
17066
31240
11012
21546
8964
13575
6847
9502
20562
3221
28870
4979
7464
5978
27690
27901
9315
23155
22499
5743
10572
28757
11514
6280
4407
27090
23673
23542
21145
12912
27993
15522
8377
17590
15394
32494
28324
24417
28995
16899
4943
26401
16156
6534
14607
30147
13910
19985
16792
2516
24566
10429
3945
9768
23327
892
31437
25817
1174
15996
26398
27375
24674
20680
21716
13247
10468
13662
3375
1813
620
31952
20366
27952
26597
27090
24634
25000
2770
6802
2589
25109
5886
30009
3925
4827
2276
15953
25870
13207
2608
31272
26904
2412
9721
2616
8109
9088
9639
4711
17493
24504
18394
16168
3918
30028
12727
23313
8105
30721
21407
958
27017
14047
11082
15244
25188
23215
3017
20275
7283
13231
18077
17855
18154
25340
28041
8177
21844
558
32666
19274
21854
114
15126
18259
15322
6989
16286
5694
18580
21751
15097
12234
928
255
15973
2382
11018
29605
9420
17492
10828
13367
10684
19589
2004
19553
0
26843
31440
15814
21254
11163
21552
27246
12978
5752
10259
31835
8330
12735
2149
8256
15910
28171
10474
787
20153
6930
17178
18440
8809
12609
2586
17872
4650
235
9949
17009
28319
29880
26336
24480
11275
5008
1698
15771
11890
20977
10860
17182
3660
20215
31473
9474
1161
9069
8431
3001
2748
25778
32335
1709
8829
10780
14082
25658
20475
11371
8031
359
16628
24905
31745
25980
21179
26737
14699
30741
4557
29933
4047
20300
20991
7135
1052
16462
19613
22666
24650
16691
9770
16406
32473
12608
32437
26109
27474
28432
16439
26837
8998
32757
3746
18006
16755
5175
25930
31904
15218
16445
26431
2828
20489
30253
5379
20110
28556
17518
32328
8736
27228
14840
16149
24177
28670
12454
25854
24386
18234
7164
11822
16239
18982
26747
12749
10908
8212
4479
32360
2404
23077
22195
26348
21490
2813
30850
14800
15456
22490
19826
17356
3838
27584
13810
32335
18504
14520
24017
28507
31235
17506
20040
29009
19923
8638
10407
30327
22564
25181
15916
3232
27042
13129
7686
15568
20904
9789
28516
26634
21030
32314
27167
12569
21549
27740
10198
28298
13127
25027
4006
18775
17361
7713
2275
19702
25751
5021
25200
6341
5697
9824
23908
18237
16274
8754
28379
22903
11851
7386
20871
16204
6560
11415
10136
7934
13973
16839
5262
30227
23908
9043
16765
28920
6813
2892
25298
23899
9166
32729
4351
32257
19849
31484
32485
32216
10122
17664
15055
27302
10164
29295
13526
6439
12199
29864
29981
19797
20618
1212
11246
24917
31797
31642
5514
9325
11387
20020
1661
8613
4430
14045
32645
10693
24083
14659
30691
13508
32352
23314
24544
7063
9304
17648
28681
3458
4395
12551
13885
761
2151
26221
13162
16742
14542
91
17619
29861
6717
6786
9731
13458
2483
21378
15549
23487
22717
19301
253
29083
10140
18434
7080
25397
14407
1105
23563
29310
888
29639
21224
18988
14814
24237
29213
18186
26103
14222
31169
31894
5837
12780
17917
8634
3761
277
5562
30755
30422
4950
2172
7549
1895
32333
8389
27531
15049
22744
6507
23317
21031
20054
12358
31280
24016
31620
25605
11054
9366
29045
31545
5800
11376
4674
31622
26393
11811
27267
13115
31926
13754
26128
18838
18787
3847
18555
3323
11146
29618
11691
20972
31508
22379
12512
23678
513
4887
21811
21659
6351
21582
7869
16191
11563
19550
32177
25794
4625
6719
9391
24870
13596
1864
21812
26418
4904
4320
12254
13189
20499
6028
13774
18443
19972
31925
19858
2424
11655
19926
18707
22767
27697
14599
5096
27061
18846
16291
10760
13904
25831
10972
31740
29207
12099
2340
28792
32318
1641
25565
11415
17708
8315
24549
16562
17317
26189
8577
5331
27889
14774
23928
22172
953
13103
66
10714
22761
8854
24840
7452
14009
19407
7207
28033
32176
16481
17763
774
12167
29191
30537
3429
15195
8122
22009
3898
28511
24609
24735
10829
23971
30235
22873
5640
23502
32283
10572
5119
4637
27775
20331
7671
18129
18391
8659
15871
24492
22582
3237
2900
24118
21792
10902
20252
16095
2833
9321
32369
14607
5331
19485
194
17480
10266
8944
18694
15448
23645
20661
1374
17478
21232
11527
6972
22348
31617
23353
26460
14742
2409
12910
11256
5044
16683
8947
5829
13703
25575
4085
1574
28660
17276
31434
24343
11130
2364
22042
1817
26327
23715
30694
18249
19048
8401
32254
7898
31944
12365
24523
19538
1214
30711
9068
3941
30021
17000
21661
21094
19154
26106
11633
24205
5716
23696
32089
5490
11498
32418
15387
22976
21491
15776
20537
2366
18680
5306
13856
30612
24792
28473
15048
1141
31209
5723
12898
29503
14359
27114
11091
22890
6349
25065
618
19832
492
21943
18854
11966
5689
7632
19675
18643
18811
25705
7591
732
377
8549
2838
30934
21017
16467
5650
2720
5118
21140
4718
10418
21610
11245
9441
11795
9884
26911
23762
9017
27099
20837
6109
8098
31878
5616
19400
9861
24515
2732
2961
12822
9017
21210
1229
2728
11532
3985
29096
10767
6494
8002
14983
22062
3092
4555
5737
19171
8541
6595
29876
5900
23101
5676
21550
20702
30922
21805
22871
31747
22116
4370
23133
17769
3016
22177
5182
743
2234
13798
24152
3134
28134
23031
16348
16259
24626
21084
25795
14850
13911
8158
2969
11825
11787
16098
20932
19614
13290
24579
9810
4763
11562
23698
9946
24337
247
9321
28219
1057
16754
23793
1413
27777
17935
13927
11424
22931
12522
26839
5618
28776
6754
11299
19894
18624
21422
18913
14416
11513
25911
26884
12429
26674
6491
32072
12005
27195
10738
28404
21902
24453
20698
4848
10698
26462
25533
15230
26108
8694
4302
1196
12886
28709
4264
21432
18270
13429
5513
31928
26661
21150
21607
7451
21185
25112
226
27484
20374
25055
9798
1466
20620
9008
18200
2897
27273
11588
389
20789
28004
9974
29310
26845
25136
7308
11134
19778
29557
6278
12628
25331
5651
8505
27473
15956
23374
8775
10277
1404
17824
14873
29927
14897
2703
21500
2821
30089
4393
6970
27190
11164
31427
32036
30382
14288
5919
17612
29760
24198
23609
5229
22859
27939
18754
29109
29305
20388
18007
27685
7354
9259
20996
10470
23769
20674
20338
27084
26743
31104
10530
9228
10863
23176
17066
32481
22105
6458
19168
932
9794
18292
16020
6913
3825
28328
22338
16830
9730
8683
19765
1892
345
454
9444
25507
5482
2226
6408
4355
27483
31570
13118
1330
27344
13052
23259
28440
32091
20307
26484
24291
10509
14159
29364
2727
18833
13208
8750
16842
13618
6733
2284
12280
32470
31862
22567
18031
6328
2125
14231
21670
12947
14215
24770
12129
23559
2969
8815
3774
5852
13683
20460
3935
12683
9163
12094
17167
12683
7084
31775
30736
29323
16632
17337
30628
17383
30825
3742
30987
25455
13304
10630
29811
25072
12112
15234
12564
12577
1533
5620
17835
21377
26563
27715
7248
3586
1313
28628
29927
2946
2189
233
20280
7786
21923
10351
28971
19886
2943
6280
4400
9141
32010
19006
477
1240
19813
3183
17757
5730
26630
25796
10568
14383
23185
3191
19967
31046
18667
31175
20776
8730
1116
4670
12322
20311
1025
18714
361
22706
2485
11810
20886
17775
8548
24530
20766
1770
13278
23076
30466
7083
10780
11849
22679
16146
4737
28090
23930
2081
18506
23404
16083
17051
11976
21115
445
1948
24348
20919
12055
11331
22823
5987
28617
30444
14645
7820
10682
26161
25593
29261
15259
25777
6792
4585
10911
14799
29250
31434
10539
21201
26694
21550
12383
3286
8253
16357
16283
10287
8166
1585
22963
17084
28385
7738
3662
7437
8903
2290
17736
13212
13739
15921
30097
29308
6012
23170
8578
2376
11191
18425
16029
563
24584
22439
7535
4938
9823
1123
6219
15141
10432
30426
9618
2446
24023
32674
7490
15208
2951
21850
21370
16751
6625
25606
2302
28191
23949
770
59
29051
5585
24030
22928
4641
19516
17860
6879
26737
27098
4017
18955
8099
12080
31852
25027
4649
26046
13470
32710
19541
11145
14823
13586
32529
28221
27653
6980
12211
12747
30344
19577
27931
20601
18209
32687
3509
27438
22321
16716
14732
5198
13043
21956
15848
10163
23848
24690
26858
788
31526
29337
30449
27241
12342
6156
8590
425
28714
7448
11516
18526
29643
3241
31323
9690
7844
7588
24215
28595
21859
218
11887
17260
27150
9699
3553
19171
9822
3958
27275
27353
4789
28155
21951
11899
17027
7076
13606
4804
12234
30285
7676
23223
23437
4751
18383
26977
17295
14096
12478
6233
21436
27369
29005
24330
14187
5695
23273
24699
25918
3489
29654
3489
32438
14918
18287
341
13642
7610
3621
19079
2230
29552
5043
6014
8187
10984
31905
23538
27924
20382
29690
30332
14198
14275
4576
5981
28618
26755
6073
2178
29973
11906
2202
25563
18003
29451
32135
13414
20150
10118
249
18945
12486
10028
17412
13703
17568
13872
9420
22908
26329
22706
27332
8731
5167
1846
25740
30024
1350
24777
32106
29505
25272
7606
15245
29701
10636
19516
23235
25422
9035
21077
7688
6454
21051
9003
1290
28727
4166
21937
4635
13428
6979
10873
28750
303
24343
6950
28199
3691
28027
16464
15040
12754
26501
31515
18185
14233
5072
1541
5375
17473
8553
13584
14744
26850
5649
23931
218
23484
4683
11495
28431
12816
6516
9814
7701
29269
31008
11532
18088
12369
12643
27961
26854
29795
19275
7039
6139
1082
21173
31825
13302
12609
21558
24674
21747
5201
15199
3230
26213
8520
24089
5525
5213
26083
3516
5160
18203
26795
22059
14484
26980
11855
15105
20347
7748
18499
17150
983
32078
12700
13047
16981
24290
20418
8142
22686
14631
9115
21730
25217
21877
13645
4335
3666
13045
21768
1288
14736
15742
9204
12527
7477
26128
12409
27823
25681
26844
27520
9806
25439
3095
2492
32066
28947
1182
30257
24424
24025
5970
16344
28750
29373
25060
3902
4713
7753
16928
10653
28441
3566
12836
20997
24437
168
9705
5970
179
18458
12244
15039
8373
5519
15152
4904
16159
2820
27302
15038
13269
2276
10199
11616
19890
23504
21299
28711
2352
19864
16593
9918
18745
3408
4731
672
31914
27828
755
15865
3310
26807
5259
13456
28955
25363
5177
16551
5001
26946
19158
19248
17013
30822
32447
3316
6950
19131
25982
29872
1142
12079
14530
26734
3461
9591
25024
27772
18434
2185
27743
9382
22334
29187
16568
10439
2775
2839
3537
27701
14208
24320
3286
15092
6914
3336
1672
7340
25520
20130
24430
20128
27761
14813
17899
30233
5109
16172
32377
31013
20436
7243
2686
23733
13210
3727
548
25824
31888
28911
331
12695
13635
24879
23602
11555
15486
17038
14907
18568
20059
6204
26766
11871
17071
22451
10026
25851
26089
13672
20909
2009
12331
20766
18041
22161
17377
22213
32576
16174
12209
26245
29380
2173
6982
28120
18816
30343
8984
6362
19042
26678
20962
19585
15551
28905
30898
8803
3396
23122
1933
27974
24250
10351
15967
17811
17353
18939
23879
25067
9377
21787
16863
3217
9746
971
22974
73
22770
27981
20162
6355
20496
9394
12059
28928
13092
415
9334
2894
30640
3068
24904
8247
26442
31902
2945
16202
7255
5403
512
20604
26538
16601
24802
10762
26349
2849
1310
30863
29289
1572
28669
1766
21204
11895
1263
16601
12225
22903
25278
13426
11458
11801
2657
11805
12535
24358
13983
1860
29971
16003
3035
23527
26355
6663
18437
24102
15460
9291
21077
11758
25424
29706
30429
15723
29549
11824
124
3744
17214
20587
16629
12117
25404
5788
8125
23982
1389
6108
30120
20567
13774
7321
20908
18699
27112
9463
4985
31521
18606
13858
5603
4396
28540
20189
32572
19996
8226
7304
3951
25513
7460
9727
4006
12820
11792
30402
3824
8264
31574
18361
8317
9537
10801
23206
26730
3020
196
5487
19892
5356
25989
29548
17439
19931
5063
24078
17552
4636
18124
27870
3911
26553
20710
9446
17763
20092
31720
23772
19693
18438
15311
31778
9569
2610
31326
13010
23784
13029
1202
1050
15584
20379
19378
9761
1221
11223
31405
2478
12532
20853
30378
1406
2715
10323
11760
16246
11908
12972
9991
23617
6772
25754
25542
10074
27176
4227
14229
20086
10952
29303
7865
19739
31961
22497
23192
14032
3590
9878
25021
29871
23410
16128
9388
19632
22414
21041
14040
1628
17763
753
5777
18975
1806
32185
7407
16334
15882
27442
30379
7776
10303
11075
28631
23898
7421
20633
19578
9201
11230
31313
7726
10857
17398
3760
28055
4020
25339
31214
9531
21776
19067
30680
998
22821
18329
17114
202
13136
24424
12976
5419
14449
4601
1855
15264
10940
398
10290
1590
23504
11986
9682
27304
5741
25264
19596
25340
22133
27806
7836
23568
25246
30483
26529
16505
30178
18577
26576
9817
23802
3434
6722
4738
21982
3073
7618
25515
15105
12566
29277
25767
23013
6557
32018
20353
14692
30635
4610
22525
10121
18177
3518
5756
22398
30467
32423
16913
22178
24608
17743
3150
16562
4944
32356
22283
19907
18261
10638
16385
22276
18424
5082
25356
2171
17774
27212
18971
171
32637
9637
32509
605
9111
12182
5366
10536
12974
9303
21920
15611
24902
6355
14392
26263
22131
22425
17672
20681
115
15055
30522
25353
3259
4737
17972
30978
27836
3539
1949
29732
24321
26268
1184
30947
23042
24343
14886
20484
15175
32570
28419
8282
29810
31135
31448
17395
28280
21791
2237
32285
7396
3683
20568
4618
21253
1860
24205
19605
14227
18275
1197
22956
41
10587
19350
2656
13382
7288
18501
26850
27529
1720
23550
7065
6942
3601
3822
24028
16460
19375
5349
4053
9876
19202
150
30151
11170
19200
17017
7143
11699
2119
381
4655
17121
29547
3695
15845
21907
18505
5347
9552
24776
7478
18895
14875
24094
3829
16427
18097
1856
2825
6947
3187
24584
7274
30712
812
26686
7535
9652
4223
22379
23888
9964
32402
24485
26921
26968
32358
19170
27417
26017
1877
15231
8578
7719
853
12403
30584
26900
2036
10576
29445
29695
21278
10195
25265
6780
19313
28136
6614
23023
3317
16456
22620
4519
1156
10224
878
14869
7760
22819
11473
17831
4586
18716
6472
2703
21957
16228
5240
24725
25347
15532
9794
17745
699
27023
1512
15784
32655
18828
28857
27764
10371
32187
30349
351
265
11425
11953
7748
16804
21373
29945
12427
5152
13497
12199
11682
27546
19935
4907
877
27945
27094
2732
30712
28842
22444
5672
7688
2004
25793
29799
12281
13908
9821
11370
8761
2146
2143
309
24111
16059
24298
23260
19113
4454
1359
26746
20620
28301
17817
28240
713
23679
5199
14053
28440
20589
21552
23322
16756
17572
7904
9472
32269
21628
21681
15122
4941
28844
21651
13684
29006
13944
17281
3659
12512
10377
2436
28220
30742
4790
31905
27595
12811
22755
1015
2372
15656
7396
24091
541
29852
5239
16008
31927
15810
13849
27360
28307
19319
11595
10387
2639
18935
30287
30987
7316
25186
10522
11603
21064
9835
14267
1798
6995
5849
23831
8310
3631
27599
4703
32557
29647
24823
4550
17720
31254
20056
6262
5101
14600
25077
9522
16999
15435
25052
29503
18119
17704
26330
13091
6577
4706
9133
3167
27598
31734
19832
11360
27813
11584
11448
10581
8363
13350
26735
21645
15749
19515
9722
24199
23788
1464
24969
31782
16979
28562
20951
26000
15444
26781
9074
14077
13632
29601
5411
16818
6125
28700
27357
3787
18873
7489
27411
17191
29002
29379
29650
24586
9909
16280
14839
28383
13943
21833
19393
27859
9980
27461
31786
5252
14295
29009
18232
32307
7164
2623
9880
17259
70
32489
18516
31865
24342
25496
10667
26120
17881
4418
16599
26502
9439
3601
4093
22817
14436
7058
812
28681
15102
21298
2423
14866
21164
6958
2597
3561
13941
27889
31263
5514
15307
3311
996
23475
23177
26791
3842
29206
17553
28190
31479
29651
8974
30574
9212
28589
31250
10785
23659
32556
25852
7373
5192
14326
20681
24991
7016
18102
22877
1462
5640
7540
13501
5730
3320
13874
5850
20352
4164
1556
16776
18896
3915
224
13016
28402
18940
17672
2125
4407
14509
16095
1727
25764
26931
22461
2842
24405
31888
25354
26417
16408
6982
26780
26326
30991
22785
20809
19735
13865
29512
17781
1257
17921
7144
22807
31951
7890
25112
31546
5688
25495
4888
27626
9417
1077
20472
4797
28421
4132
13287
16900
5257
4500
22191
19158
25715
17746
7842
30200
21132
28013
23166
18499
22841
23327
1036
14860
29227
28675
12185
20201
10592
2786
13805
23710
31418
20167
32703
11730
6204
22875
16407
14058
14471
26825
10159
13177
16267
797
5920
22638
26365
2732
31568
1328
28937
6255
31006
1975
31254
15997
10526
2672
5536
2879
26567
29137
1611
4582
3434
15021
22071
22245
14658
26964
28124
10707
16741
11243
5598
1723
6913
10524
4527
5444
16346
8275
25305
8645
26139
25494
30830
14781
13414
29424
25220
193
24344
15263
1714
21546
17184
11562
2300
29345
9706
32170
4949
24263
2376
712
19607
4504
17409
26386
6546
26024
25593
2024
10963
17816
26884
14905
8912
27854
9054
28136
18487
16275
31042
2928
11406
16023
1887
10772
13510
29291
23956
6466
24914
14691
28306
26186
13278
7361
23697
10637
25227
11118
8888
16970
24735
9381
16162
22963
32328
5941
30449
32151
1124
9655
17131
2700
17443
5373
25617
30517
27041
18377
27273
31762
16432
10061
15463
25167
21045
30895
26018
1252
4133
1518
32671
24134
11781
8555
23437
3535
15995
21268
16801
9321
15027
13295
14035
22520
3905
802
30461
7892
24495
5910
19754
30925
20297
21957
24953
4848
20671
17721
12317
9561
9971
31184
22096
2089
25086
30948
9177
2788
25024
22948
9252
15208
24002
2997
21186
1956
27639
2344
3618
26129
9408
5015
29852
13475
27747
9163
12308
19383
11205
27081
6497
14231
10138
17969
32420
23967
899
6002
3583
23406
770
1838
5348
26209
2565
16795
13438
17871
26105
11476
17864
18348
8721
11517
785
29407
25992
15976
25026
10669
11659
11841
8431
10327
15483
4399
19504
16346
19945
14518
18015
7145
6004
10805
16740
6277
20961
3323
12826
16788
30315
22004
2700
26611
6586
27177
7597
22956
10327
26472
12461
16809
7944
18435
23110
14414
26640
13167
9880
23766
5146
19916
15601
15742
27614
3497
3705
10053
3566
838
16180
21545
18565
11653
22960
1535
12315
9959
12788
29506
26166
27422
1338
872
29279
22526
20688
27881
8908
21512
4179
18459
4716
14133
9548
20934
5656
31791
32289
21007
28783
30056
25940
9499
2214
21738
2198
20469
32380
12866
9727
18166
24657
15899
14471
30863
30122
9696
25011
26398
32633
2232
10428
25157
23498
23789
15561
26247
14320
25079
27203
18970
23593
11647
18394
11557
27035
16329
19129
13800
12479
12950
3953
31906
1870
31064
31580
2747
12261
10335
30771
10920
12406
5636
29469
15377
7589
13449
17034
25291
6290
9710
13022
19423
26064
18386
30981
10509
16177
7348
14033
23149
25195
31829
18651
26566
17643
16185
15804
15842
29355
669
2993
21829
22583
25272
31447
26561
29620
15222
7259
6349
13530
12673
18492
25089
21079
12263
23810
12536
21288
20078
15358
6306
22105
18114
1861
4319
3367
7001
27723
25073
17388
2685
4380
15458
8883
29816
10692
18212
649
6384
31636
26010
21435
8845
5678
21165
25014
12713
31568
15890
5442
22939
3512
2633
15482
4967
29359
32386
22529
9365
27754
26367
30790
1662
138
31434
8595
28662
477
10443
20602
30542
23629
6825
15792
27622
18954
25891
31803
31666
21844
15905
24700
6065
16764
9038
15211
14756
10872
30843
16904
4093
15117
9442
25485
3684
6620
23637
27918
25405
18020
24378
12606
390
17715
12142
9470
8270
23982
5109
6519
13949
11680
31080
744
17368
21477
11659
8348
3455
13546
7936
4066
5594
7913
17342
31443
5600
11551
27827
8393
24001
31250
8827
29308
4439
18429
607
15044
16127
27277
26923
17589
25802
13157
6532
9706
29024
29216
32358
31958
5202
14321
8175
26183
4905
21006
2598
6558
7034
31807
20625
2265
4737
23743
22677
22886
11715
10533
13828
9194
391
3668
17028
10060
17351
2793
843
9162
22340
5280
8114
16338
1769
2224
6221
30744
10057
25506
15388
9885
13768
8358
13137
24292
30678
11445
25662
32634
927
17413
18577
25928
1555
5718
14208
5435
32485
19450
8300
5507
31863
18800
16421
24001
8310
9880
11348
28449
23333
5784
7658
14572
1579
25670
18984
6882
25991
16432
26789
13669
21762
16483
28714
6391
2018
14441
1309
6615
28710
24536
2239
7178
6578
91
25746
14279
6473
452
2623
23915
19210
4001
8420
31144
31489
29931
15702
26984
11373
3177
21238
21063
12461
28127
27326
7710
30830
24685
24857
28474
23719
27594
27886
7089
6881
4443
22862
16032
22668
23830
7949
27614
13322
17478
29559
27711
23473
30801
19766
6939
22103
27061
131
1756
17539
23637
17324
10445
30142
5739
15665
8970
23799
25198
9590
12505
6675
9422
4834
12337
10356
20467
32520
12306
4714
903
26223
4733
31355
16449
5376
31816
11549
28865
28826
7913
25201
7014
18924
2360
30999
17706
28812
17618
6534
18110
13696
26952
7837
2783
21659
27078
28578
21867
15294
25602
24653
16870
29665
17254
19851
29491
31263
15233
22678
27351
7154
28066
217
4678
24215
15324
4948
6225
15172
28910
3711
20447
14066
30369
19275
17954
28723
16551
12001
9731
7850
26632
30648
27655
12509
17344
24367
22993
12257
28176
16420
8975
32574
25012
15712
8446
32298
28261
214
29531
32657
8507
3947
323
25715
22769
6296
22216
2281
2773
11294
24093
25816
9558
25654
11627
12100
25434
27482
8906
27589
9353
17665
24270
11863
25286
26655
27536
12718
26360
3938
17632
29693
18462
1746
21427
29326
2340
29015
5041
32315
18183
15788
12343
364
29840
12167
31161
29539
8260
15302
9675
24508
13238
18384
12696
1397
23846
13896
18652
9933
13382
29807
13521
30788
3016
10526
6429
30281
15188
29292
25348
19446
18331
13337
8258
26563
20212
6323
27701
15495
3737
4544
31602
2811
2079
6488
23410
3202
10471
24453
10026
15052
20770
11389
8697
23725
21025
23423
5532
24390
611
13005
9863
30056
31655
30376
20239
29713
29988
27942
19398
16338
5008
5836
21034
22983
25876
12264
26587
19388
7024
26236
14717
11830
20875
16088
1691
24927
18156
1541
14567
17544
14624
3485
13356
14906
21408
7831
16500
15921
14120
3469
17615
3831
16031
23651
13042
522
9771
93
25951
20313
3339
13351
19651
10492
9061
28064
15179
9488
26425
7762
2325
11070
11224
6807
23218
13998
13866
831
9897
27143
6308
20152
17184
9337
12445
3993
27364
25936
3972
6321
29187
17009
15990
29951
19367
2351
24811
14952
25824
6735
30589
30155
2756
18093
15735
13271
9328
28157
12805
14598
16386
7151
11208
3284
19372
7206
29784
29242
23576
20024
26744
23027
30168
28661
24399
8428
10987
25506
17535
3590
9754
16470
17431
11729
1830
22499
32754
10454
22799
8508
16612
12676
26883
23608
29618
22863
15755
22551
29743
26488
15140
25569
21996
14812
31195
19557
13844
21556
31001
21061
4718
25658
30553
28351
15607
4422
23350
22340
27523
31707
14084
31741
22343
31505
25158
17724
29416
22729
32432
21206
450
13229
44
15677
10064
31119
28762
23705
1281
20006
27677
24754
37
7735
1298
30143
4232
5345
17904
17721
6407
22269
22271
16852
23107
24531
10784
8684
672
31439
851
6677
971
7683
16998
3585
25416
26213
30700
21601
265
5775
31534
24789
1918
1074
28981
25090
21368
17107
1987
5611
20021
8925
7874
9153
26531
25276
27398
15111
9238
4901
22331
507
20420
26712
11021
26957
9853
31775
6033
27566
19628
5982
1465
12637
19276
4987
12697
19939
21738
9552
8179
4276
19108
9057
18860
28775
22012
15215
8958
4023
10005
14562
7896
24752
20340
7128
11776
24647
23335
5119
15255
21857
30749
24319
5858
23817
24906
16180
1396
30614
31819
27673
19642
23460
17523
5209
29060
27360
2954
10994
385
20834
19728
5502
28611
13597
22655
11729
5647
3648
27641
19660
11318
15934
22177
7196
9867
23397
2649
8304
6854
452
31552
14568
23937
27568
13922
14651
5037
29904
19104
31924
19348
24402
1056
21664
24130
13736
20404
7391
