31579
11136
2117
30337
2475
15450
16237
14816
4040
1811
31390
10452
20637
20096
13037
16942
4183
18863
16442
22129
6448
5982
2302
15343
7006
25044
3236
10367
14637
8950
18127
17665
20212
5358
15208
4021
369
5882
31510
135
9016
521
889
12329
25279
27243
24232
30315
22042
307
21938
24004
5042
9173
21258
26409
32706
11934
27378
28294
32555
4206
12534
19816
16364
18713
15822
8583
15090
9433
25415
22336
20576
1847
19695
3013
23092
14204
10096
13139
12072
3128
3714
31843
12117
9313
23669
19424
8913
12501
20623
7306
2495
31438
1848
19837
23450
14584
20508
21752
295
14858
32615
23838
118
23545
8855
18446
748
10616
14265
20269
2085
25706
1422
18129
4331
28004
22086
21710
21619
21126
29707
19883
31071
13281
29591
12139
1596
18408
30844
28223
25757
31975
25843
28017
3968
7313
344
16611
18782
22470
22132
25611
9279
25337
28745
19730
27601
26343
25650
6973
31845
15970
15643
13551
16284
14562
13505
31277
20839
6136
8609
21005
9085
10296
11896
29995
26244
20074
20349
76
32381
20114
14691
31692
22882
6899
19359
31402
16199
6748
10253
28524
28954
32265
28512
8680
4878
8912
22975
29984
13909
3566
10889
19705
32749
7211
30803
29491
9911
24974
9416
17581
30269
9451
650
5985
4125
28136
13383
19555
15399
26513
2345
30929
19627
7003
29741
15826
5256
26198
25235
30498
2994
17240
12663
3426
11277
24915
20337
19054
17511
13594
13262
10692
32033
18901
15150
4759
19718
20895
2193
27936
14543
16375
25375
28694
30824
29541
10716
5955
5708
18478
6517
13059
29581
8209
3335
26584
24170
24195
16013
10362
22071
6277
5724
12654
12167
25633
16830
4391
31803
21579
24037
13570
11594
19391
24297
21583
30094
8764
29968
765
21544
12237
29997
723
1441
1240
5661
6986
27972
28253
3064
31691
8993
22217
19326
20441
4423
17739
19717
3255
16394
19687
5001
5903
29512
10012
15415
4630
17307
27696
4572
30042
4095
15587
25102
28997
1065
5513
18542
10619
26890
23318
26934
11815
25586
2742
6704
21588
23715
25331
30423
25436
5111
32191
12021
4613
13718
8852
4729
1102
1867
16034
23344
30720
14332
22726
15753
22731
11736
1305
11438
7732
15566
31009
24576
24905
27109
32495
25599
4883
16900
15212
27507
25695
3797
13087
30674
10075
2821
11378
3111
18825
23661
10538
17725
11660
1062
19220
3560
457
16426
14558
15149
17770
25252
26934
16179
21537
15592
9941
12726
6832
17355
21303
16055
31447
28317
17280
30507
317
28685
14173
5761
10476
27419
29885
18581
4245
8703
8064
24967
19036
14794
25143
25103
7286
12087
2531
21997
1964
15593
25678
23478
11581
28917
12505
3362
23089
15161
16871
20687
5731
14668
5071
9590
27641
19775
18320
12139
32503
29426
30683
31967
22361
29216
20682
26805
18817
6469
5299
22048
26905
31126
9260
1445
4591
19902
8461
23649
20239
15992
11345
10235
29743
16085
31298
25416
29396
15834
19420
30850
7371
7638
12538
22376
28709
27836
13261
8255
30113
28450
22047
5061
1444
3304
17959
12298
31942
2460
28144
32613
23447
7301
28343
6407
20493
23073
16485
19905
24135
6868
25342
1078
27063
19541
23025
7963
9161
20693
28576
10286
8680
15167
9730
5897
7374
13990
32476
13287
29821
15121
2636
4506
14909
13923
14748
19504
7601
26581
31896
1500
9740
15216
523
4411
16433
16572
18255
18334
20111
4441
22830
10280
24479
13958
9574
11662
31038
19034
3527
6247
16328
28570
31902
8677
31918
17157
12671
4164
32481
25011
19895
28761
11170
26664
28299
28121
31735
6614
7809
15242
9578
14478
3808
14414
8044
4264
6585
31007
32427
975
23578
28319
8756
25863
1824
6049
7090
4481
19972
2292
5777
17698
16418
7624
31987
14573
6208
22072
4032
9892
20721
15490
15133
18155
19192
28783
25869
11418
30998
2153
17205
12608
19404
18586
8556
23425
29795
31535
29526
7330
22090
28151
6826
21686
17734
9032
4710
9530
21128
4049
25245
9039
18903
3429
15880
1224
26473
31795
23951
15127
15292
7178
24344
20876
31651
11688
7100
23768
27919
14399
5904
27537
21662
20003
12245
25790
7354
29281
32034
4406
11850
23748
2473
3987
13013
5951
23409
29505
21217
31724
31880
23919
27233
32218
20636
24950
28760
10716
12787
29927
31332
1818
9228
324
29950
26126
29188
21146
16754
19335
4459
19728
28164
7317
28998
10871
11532
198
24466
17379
31613
24604
13908
25351
31067
25383
14319
7195
5426
27628
30732
19165
116
30593
15552
30544
277
18819
13217
21664
29178
24711
769
30909
31100
15190
29681
2156
27138
4676
26168
21423
21783
29832
16835
4757
25979
20468
7736
8907
7132
16792
32270
18711
12449
11832
25819
16777
5332
8217
17074
29647
8005
25918
28466
8904
29733
32179
32074
27296
9785
21266
11999
1556
14037
17525
25222
18667
25586
643
24215
14173
3027
1312
2534
6125
14720
3922
28997
8487
23976
29178
2650
4410
19994
19527
2387
6530
9212
11190
29681
29919
13541
3897
25867
21976
20367
30702
11450
17255
27339
19592
27903
2975
2029
2262
28374
13541
24909
18049
7374
17537
21823
14153
25714
470
26093
25543
10042
22357
706
18880
24267
3141
32396
8861
27568
17116
22804
25023
28458
20046
14576
24410
14371
28474
14812
24339
24029
8681
29549
27182
18745
8821
19507
13367
9321
7590
16517
23107
16064
30776
5961
7978
22873
27318
14049
11620
31656
21710
24577
9444
7532
11240
8454
20046
20976
21633
14441
16864
6324
2773
14812
4489
14068
17223
8964
22203
1852
28313
15606
1530
31904
6022
19470
32177
23435
22641
17558
10942
20083
8155
5527
1789
15308
9712
20135
713
14331
32041
15889
21545
16707
19039
2376
11497
23118
25072
12430
13891
2231
26613
10204
17180
17309
14719
8478
6976
6420
14377
4961
4765
25676
21647
12532
3651
17120
21278
19431
27252
5049
27947
1292
28043
4085
30160
25350
18855
14466
23100
348
2770
22544
19786
31628
18751
2010
18035
27253
19683
19898
26552
31016
17701
1660
5790
4721
19358
13408
30061
16173
28805
19162
19072
31314
7795
26850
10577
29615
523
3847
28013
18151
3068
21694
28592
17889
23355
32611
17656
27039
14731
7100
31671
10929
6436
4006
12903
25565
16496
11408
29851
18602
23944
27603
17343
10172
29252
30603
22210
28673
31492
13672
4472
5401
20796
13872
11164
5658
6277
28376
19747
11692
3538
29662
3691
19060
27317
14528
20128
6958
23581
24221
10446
3234
2887
26378
17454
5442
31656
28752
14935
13240
3535
23361
21678
18865
27829
29434
30573
8120
26668
11631
13873
5992
21818
32111
14406
10706
6498
28081
9535
31438
25081
9062
32277
11510
9400
775
3051
5550
24892
7105
8714
13556
26165
8900
22396
20894
28673
8383
10357
21079
6856
1658
31471
16365
22335
17338
15739
11794
31883
9741
13712
30482
25243
6864
6614
6495
15462
21908
18742
18863
4830
4179
19973
17481
288
29780
1609
2469
20804
19195
7815
24532
16497
22778
6177
28404
1259
11324
20127
7853
22300
970
24512
30364
23307
13778
611
18269
13114
27050
18969
8389
21325
22231
6158
2851
1002
5537
22089
14566
26711
7878
6136
221
16710
1047
23524
19620
16724
20409
31391
8685
1132
30789
30775
2346
21914
27019
18611
6751
14597
25969
13308
10178
20903
18574
30932
7597
28424
12868
10905
19073
23949
15102
23017
12303
12482
19218
29672
19036
8684
21992
14139
24614
6345
14267
7242
24964
1651
13547
27610
492
2067
5206
17359
13897
24074
31162
5664
374
21813
26558
26687
26592
32585
7470
32497
6291
4281
6807
22823
4832
30618
24776
12715
4677
1305
7327
15961
5972
12585
28719
31082
32692
6928
29184
11853
10822
13370
21999
16178
32571
18472
23955
15052
5632
20581
14959
19691
23485
523
7478
198
31962
19184
8468
17956
19390
26148
31402
19237
8246
18525
19083
24482
29195
3028
19226
17370
28023
27816
30148
22657
28793
14187
2424
20830
26655
9752
4169
24658
17416
10164
17886
28392
30012
5481
2528
22438
28524
32509
7505
23010
7982
18393
27897
8972
26698
23517
21114
9785
32681
26007
20369
9337
18478
9842
1368
31096
9884
1761
16247
4572
19843
28953
25866
4459
6627
14496
24542
20808
29277
29336
30160
7694
16167
13799
10807
275
16267
11440
6290
9371
11394
19575
28238
561
24984
6611
9457
15789
6570
24977
17120
1541
28747
10105
30715
2163
6786
23851
8359
14166
19215
17553
13538
10445
16966
123
9973
16983
15472
32657
5647
28117
27716
21740
6346
27348
18706
8300
30003
2908
18168
5923
11006
5394
8504
25146
32365
29756
32317
27454
22299
20008
1582
4619
25691
15030
7893
21589
14608
3700
2783
2754
21170
25726
19624
23791
16869
25434
22482
2739
27123
9811
13033
87
2196
28191
6823
20532
26675
16005
31130
19848
21209
8371
32656
25138
15128
16546
20174
21099
7879
30042
811
4052
10981
12419
11177
8458
28816
21391
16312
2185
5139
15383
13579
15564
32086
5266
29692
29800
27548
9643
3167
28563
11358
10834
14335
2999
28010
1325
395
20683
81
22716
17797
4885
3637
12746
32498
32362
20680
2585
1536
21174
25349
23071
31339
28270
6829
18270
18060
18411
25398
1215
26808
719
19729
10633
8182
19479
2260
7534
18464
10682
8423
15259
2233
29045
20493
32460
29719
30606
4329
21602
26873
9854
23181
7436
8308
21773
19015
27016
26539
19566
20987
1219
25455
23592
19728
19428
23226
4658
8959
24494
30502
6921
29028
23446
17473
24185
27202
20343
6035
4756
8595
23178
9631
2521
18571
19514
21130
57
67
27962
17060
401
31704
22831
25818
19276
28345
18387
12226
15803
8918
7065
29977
26666
29307
2568
25270
461
1673
2169
14040
22860
30313
18923
17728
25387
7830
3161
24122
12928
18672
29680
10920
18806
18620
15674
1503
11921
3949
24087
4704
19561
30939
2134
10088
28290
8564
4417
12699
22231
21082
14706
1786
13707
10380
16989
13072
14443
25827
3492
6683
1849
21635
3325
21377
28681
27415
10686
5928
31436
3561
9413
23063
19224
1390
3279
3274
31812
18290
30783
2127
14177
1529
15222
1553
11255
22470
8686
6857
19237
7054
23632
30487
18478
31886
14961
31353
12886
24530
4056
9407
3629
16274
32612
27369
12452
16970
23155
18852
23545
13979
15730
31446
6231
17626
10750
13181
20094
2486
23843
23829
17204
5107
744
20134
16074
24082
26888
5660
10588
29036
24465
21759
8204
23779
16911
9194
18201
6985
20661
16457
9242
8524
2593
1
30073
8744
18576
12068
29832
27162
3533
1006
19302
13602
21284
9990
21709
13006
29656
19511
23118
9095
25301
2477
8256
17117
26493
11854
5126
12982
13036
28388
9168
12918
31471
8709
25270
18405
8119
7904
17856
5225
31334
4833
25780
23318
9658
26224
2976
17100
24677
29093
23198
16427
8579
27731
984
10148
17346
12886
22495
132
8590
11063
17832
4742
31833
31030
17794
8672
29102
22012
11741
16280
25440
5591
17183
18260
21036
9599
21793
13279
13596
13077
3344
8915
13958
28392
4024
31248
27320
31861
21864
23246
27601
31315
26075
29263
25445
20151
13944
25709
27667
8139
2072
25421
4862
26592
7529
4045
21562
24068
28524
25838
25660
15839
21019
980
23208
10660
3056
20809
8571
25470
20278
32389
5995
10933
30923
22104
31274
758
11681
25129
9496
31558
2629
18591
3746
14662
13580
3166
27651
29446
32600
14018
22147
14451
17407
4347
21079
18439
18276
9524
368
13810
23226
11744
23513
13799
26671
4737
6973
20295
14754
8530
26306
13505
16071
7900
24322
1116
17282
25662
16697
10630
29811
28881
29340
30616
5586
19839
10988
22762
6450
22671
12271
25744
17857
3408
2143
7018
21378
12746
11662
7916
15500
2539
14813
3496
25921
11128
726
491
20121
4806
31023
15116
24933
17536
15421
8508
26999
19932
13262
12353
11379
31169
7830
31551
14860
25051
9629
411
11374
26634
10579
24838
5529
17759
19348
23595
29178
31335
11910
8291
28372
29058
24549
19685
31884
20183
14254
25579
8474
19410
16244
15938
253
11538
26526
22828
26158
17090
32062
22080
31618
29829
9372
6060
1615
5920
26936
26164
9943
30288
15359
11325
21581
31462
14333
5183
18096
24838
17008
11582
30068
23212
3614
14324
27490
4286
2734
17759
25760
27285
7770
14426
13279
22497
12955
22004
20654
429
14205
30939
13026
28971
128
28394
3865
8953
29892
27622
8672
260
4758
21531
6019
17352
30936
11576
21655
17282
22984
26340
31326
14793
4841
21733
28656
9503
23470
5954
32532
29417
10489
17512
4762
18681
19346
17938
29248
3891
14882
15284
27118
27465
20350
1445
22447
15500
14934
31919
12338
16950
26218
14415
11653
9980
30413
3402
573
15108
32020
13702
22213
1656
1050
27095
26238
27766
3804
21945
7955
25279
8018
20920
21262
18722
163
17847
29846
28657
32058
7831
5584
18980
2933
14189
5911
27645
3100
21195
23520
14444
32716
248
24992
17154
16700
9720
31516
2795
7901
4878
13992
24170
1134
3498
10319
18017
22171
26905
7284
17824
24745
11376
8746
15571
5928
8909
9583
16676
12551
25010
20873
144
1471
20833
32088
10139
31298
22188
29591
6414
5708
22125
28239
1647
17262
8611
12477
22150
17862
12242
23235
26951
12141
20284
29383
14713
14
7487
11213
5881
16415
17975
1409
27723
26149
28075
7083
6147
18409
18263
8569
15892
22700
28048
22913
2772
7899
24032
10047
24777
28087
16837
17738
22814
19548
5380
30211
28802
12537
27428
4154
21759
13157
16694
22481
32505
15979
11443
22025
8058
12512
12003
22279
28559
7450
3720
14269
17775
31025
7350
31303
26616
17702
24232
19804
15004
11314
7946
3926
10375
5482
24113
3204
13145
490
10134
5963
1568
13587
5629
28045
14893
22508
22364
12789
26083
5763
10977
22191
14942
23435
29285
31048
8054
8422
30025
11519
21892
4548
9176
17423
16356
8040
24440
5022
28648
18083
5197
20902
2997
29672
17652
7630
2624
29075
16065
10823
4708
19138
3499
28103
12475
383
9893
24621
7510
569
23744
21359
31046
31957
22757
22848
5340
17127
26903
30897
27886
28143
32171
30699
25650
1197
13722
26944
15158
8830
575
15198
1577
6504
32571
27927
21288
8395
11229
22668
5282
23493
17125
4959
7770
7266
14591
14850
16011
6616
11324
22991
32693
18109
25662
1719
4595
23740
15222
28223
738
28068
14246
11718
15952
21951
28498
5273
22664
23756
20470
28821
22573
17166
24741
3284
10350
25136
24094
28278
28375
31185
1417
9721
12882
22887
23575
13991
28841
15519
28322
5314
10449
32221
20265
2980
24278
16582
1424
29721
27852
12016
21906
4636
32205
12813
14737
9487
2336
15749
14262
24237
32665
4860
23521
18648
29890
23726
3947
31875
143
6797
3863
26505
24982
11794
29987
11306
24590
12174
24108
26285
15777
4434
517
30201
27994
6427
28333
5336
28707
2674
10365
10319
3088
5794
26182
16663
17212
21461
14073
2287
156
7976
8061
13012
22177
12903
3441
27574
5601
22506
10068
23860
17990
1524
16532
24253
27327
13103
11502
22572
10987
25920
15052
20503
8147
28871
1530
30173
25238
3135
30374
26732
17582
7174
16598
26748
21564
28707
17420
25804
23047
20659
3518
3144
26914
859
13165
30168
29017
24696
27590
2057
13161
14265
15768
29266
23170
8027
13808
6022
20348
20524
5683
31942
22531
26894
21278
20474
13642
15688
7286
9821
26446
14646
17949
10289
24145
28342
6035
31172
20637
8710
22044
21724
14344
23178
30722
23010
16807
8171
2610
1369
2864
828
19206
29261
26279
2964
22513
14516
24860
11274
3642
24736
7253
16964
24659
23406
4062
18019
27298
22581
7749
20212
15363
31840
1801
11830
21034
32304
29373
31987
3113
31983
18617
15767
25186
825
32559
11284
6303
2145
26459
18502
15191
10043
32682
11731
11648
46
8919
24154
23664
29354
27291
30127
31769
18016
24556
13789
27785
27324
25513
18347
16704
13908
10827
19297
8920
12297
1323
26252
8135
30842
21633
23768
24450
32331
6368
5333
24157
28402
18858
30827
12590
8423
4785
27130
28020
28032
24165
11915
24269
28086
30932
920
11116
14405
3913
3446
1101
23290
20457
11308
5180
16674
32442
21805
9249
22822
6538
14892
6804
16924
20693
11026
23815
8666
9509
21513
16200
14018
16760
21918
26759
6499
14357
32697
29832
4438
2459
23304
28533
10374
4435
231
24410
11085
3629
21668
29951
20038
32395
7650
12298
24508
10829
202
24112
13813
25817
13919
23221
22979
19261
19726
14478
19606
21728
4110
2282
10462
15111
10755
12508
8400
15834
13112
8888
13842
26670
15341
32080
16572
4419
27321
17382
26479
32088
24805
21929
10817
28367
28466
21866
23851
18152
13603
14929
15682
14097
18671
1650
18340
18785
19618
13306
22
29693
23428
28353
21915
13249
19323
5135
1604
27761
5137
13136
20197
22979
25807
31525
23328
3189
7749
6914
23031
32004
13307
13991
12910
6902
4211
27430
22619
31888
31834
22581
27493
29409
28946
20427
30123
31110
16261
1190
956
30139
22191
31466
20797
5309
18919
6911
28994
5422
5555
13438
26821
24637
21637
1016
19152
28343
25206
29977
22447
22486
12420
9866
27315
10600
20948
10817
30420
1971
30527
5971
874
23582
6726
32060
6288
11248
2775
29462
6924
20614
3992
18545
7964
7673
21434
20079
19281
8984
8134
12165
21710
10385
30240
8345
9454
20293
2328
20109
24925
28654
2249
9214
7314
1896
6367
23516
5678
16574
28278
31137
25227
13268
13382
25885
25785
29895
5642
19522
7554
10969
29476
26922
32360
20684
12693
2641
26171
4924
9630
13101
20096
28856
10475
27094
1471
17592
2780
17825
23538
618
2391
626
14861
14917
30589
12043
5467
27556
19798
7635
27483
31731
23118
12406
15297
25689
32378
4302
5979
1236
21425
21624
11722
29021
18604
11024
19484
5309
29554
22988
23997
3238
28780
5508
8901
29538
14088
14592
7730
8701
30280
11717
18726
9063
13515
10969
5850
6817
4283
19748
24518
15609
21498
30890
6102
731
18093
14564
10715
24349
26927
13102
21589
14403
18132
7695
5546
13628
20486
3739
32344
12308
13662
18106
32717
1005
26308
16494
18295
15947
24035
4407
1000
22429
2670
30390
28439
17069
4357
17982
29914
5721
21873
6873
10682
29117
21575
27630
19011
25740
11739
20296
1107
29803
1788
28541
24393
29121
21467
24370
17535
23959
11751
19895
24517
8420
17998
23072
13971
2508
17275
27518
30968
24456
14623
21956
5491
2621
27226
5289
30794
28986
19109
12336
20464
11755
25806
30938
17363
12142
30089
27033
32262
25188
1690
10934
32158
3650
11462
1207
25529
30622
10464
3096
4521
29782
32234
22208
20950
354
10939
8090
18019
14534
12581
4913
25733
19780
31654
3063
19049
13353
2330
21460
6673
29372
28420
30198
22166
15198
178
32488
14938
9040
6302
15034
7202
8072
26529
3678
3289
3052
32439
4897
2496
23768
15132
29331
18410
5773
18805
27925
1183
6393
2596
3418
23474
13012
22056
30731
17864
15172
5955
15110
25058
5331
27235
8904
6262
27091
1335
25583
2678
3025
4553
8183
442
22933
12001
1035
14244
20974
26051
16308
26608
2979
3851
3437
31187
22892
25851
7403
29417
26810
14220
1812
19293
31142
17541
18295
2502
12276
29237
4177
30310
18402
28080
6013
15459
7783
29241
19271
18609
21670
11086
16428
16668
1904
24150
12595
11803
32585
25957
8284
23225
6619
23066
726
17512
15240
30036
15415
10240
24622
1901
12589
14280
3073
15917
19545
15287
24653
29879
21941
30774
13392
32433
1337
22079
11400
16925
6417
756
19350
32140
16355
4606
27921
22620
29157
8993
24812
31737
12073
26572
7314
28698
523
31375
12757
22886
13740
12318
16380
28471
28464
1361
32505
8593
23466
4310
28541
30769
1758
10881
23638
21187
10306
25022
17449
26163
14032
6500
9667
11517
28737
22534
23363
12761
22393
14432
6156
31103
10197
27645
26915
19651
21284
453
31504
27155
19911
7872
10086
25934
29846
16451
18339
28470
14669
27131
16810
2889
21522
31977
22084
20230
26807
10123
21722
6201
747
519
3032
14041
25771
28185
18935
16009
12322
18423
22775
8874
1123
2358
14993
17608
20004
5755
14682
17628
8626
28240
5972
2372
23526
19607
29527
490
17717
27336
3026
14079
23983
28483
31419
6033
16261
14832
14586
24715
7921
26051
15832
23756
4859
13529
25575
14490
20152
29076
12952
9584
30391
10436
9530
13629
7980
11757
12007
18177
6231
15377
12265
17860
4492
3702
7314
8412
13355
3854
636
29614
14536
32379
25554
6976
7847
16290
11948
16266
7085
19368
15957
30872
14728
6909
8787
12774
4126
20786
24649
23390
22425
26199
18030
1307
26465
15566
5971
27795
4825
30250
28197
13549
31915
30382
3856
25221
17621
21227
16035
20099
23527
3791
18802
8082
15619
32270
29461
28158
25197
32641
9070
22439
11774
13585
12742
28698
2753
26452
30159
14216
4019
7381
25665
7794
15305
10723
25996
28044
18535
4642
21217
17150
31056
5011
21848
17802
21450
16925
31557
16712
13423
8225
29410
31411
16732
3519
9210
5516
29476
22748
13976
2907
7338
17883
18780
22376
25208
9131
9764
17427
24700
11195
9075
23575
32062
28438
15856
20470
13257
3615
30352
8591
24703
23823
14925
18994
28925
23099
23329
14784
14643
22299
10000
31325
16727
23868
18993
6248
10448
29870
23822
25962
24278
1018
13086
826
30394
215
14921
17888
695
17083
23235
8681
7182
26023
25713
4538
10112
5108
2318
14695
28581
1192
15540
19793
30629
13506
8788
4828
10918
13447
32673
4977
3297
32029
1129
31369
30656
26676
14384
377
6737
30985
22714
28591
6683
9080
5735
20196
2699
13094
24271
9896
20821
8264
23431
18849
29731
23483
29711
6797
1073
9762
21956
1425
3057
31045
17443
13480
26195
31675
8083
507
11897
16622
10784
8990
31926
13874
5553
14039
6337
18604
1580
14973
32069
29939
5607
21636
15104
21036
22122
5128
5149
1319
15523
21189
28413
28375
30012
20540
26791
15339
12300
12634
3131
7913
7236
18667
23842
5419
4408
970
23125
8750
28291
2611
31110
18402
1490
15073
28430
13450
26736
1576
3036
13393
32538
23035
29286
27171
15555
9761
23450
13587
240
22326
6165
20141
22243
3760
11656
21783
30935
30191
23297
26645
9200
27579
6956
3392
22790
29342
2607
11334
15775
18773
23840
18398
26103
7647
32721
8729
26875
14647
3566
4877
166
29729
26344
22256
9983
15053
22357
19665
25972
4633
31648
21836
30470
24755
23350
11167
11043
31089
11649
24050
4604
31956
6361
4334
160
3006
2322
21509
13709
2828
7590
26014
18186
23881
18945
32051
8356
26262
10453
3445
20034
255
996
8786
4315
22193
15621
25211
29943
15234
13973
5230
5703
24094
15407
12896
28960
32164
20773
4585
4156
6602
17081
16840
3273
32481
8298
1136
32139
17568
22611
19651
6445
19194
18850
30132
9634
31439
27705
2531
3175
23564
21906
29421
14678
8568
16424
32334
17458
14747
30241
16662
12628
71
29948
23501
11821
32633
24021
18296
2524
25499
27183
17411
8047
13791
28570
1672
9447
3087
1682
28677
12793
6539
14539
32145
26898
20337
11399
20899
935
20703
18333
31707
9115
18469
426
10043
4529
27835
21136
17274
8759
13860
3223
4215
22820
4485
27120
18447
22972
9944
11006
30788
13725
16468
20440
8432
17204
19401
21614
24578
8097
5104
17481
27368
8333
14770
8502
31802
15100
21939
18932
5980
6009
20829
6193
3984
13117
23261
21885
3533
5199
30069
19157
19363
8548
11860
21587
27836
16213
29830
9480
18773
30200
13069
4501
848
9228
13454
30556
31490
20236
3906
18930
25078
6823
6342
14848
15332
25746
9526
4967
11810
27062
29277
6179
761
3067
10815
1019
3748
30573
1165
13720
23709
1259
8652
9378
10056
2253
16379
11309
23861
21681
23275
15461
29514
31560
7287
12806
31515
12200
7912
30089
21971
7550
28039
24613
10499
31089
29661
29651
10889
14320
22193
15754
10317
20612
15169
19885
10205
23879
15027
17125
16858
21216
27462
26584
20389
26533
12677
20328
26019
16606
26862
30956
17520
2123
25315
31817
5883
16809
5346
13479
27534
19434
5125
3178
29925
31126
3637
1965
16417
27560
26993
4225
10401
10570
3036
17450
23150
9173
27324
3850
14985
3725
17207
16835
20291
26661
18284
11855
17449
27828
15508
28464
9817
10789
21678
1742
7096
17949
29858
14266
2468
24206
3351
17900
6826
5591
4637
9267
13741
26596
27639
25777
20715
2191
16662
11942
3310
314
2021
3242
27812
17649
8406
22515
13643
3183
15533
22116
24481
25552
10530
5851
9773
24540
20386
20230
4667
22732
30481
11612
18803
30268
760
23836
16535
19021
27618
26117
8958
191
17537
7331
12276
11246
11781
16953
21134
10069
32148
15021
18331
14481
26362
21908
30931
19863
14342
20807
19851
2516
8703
25140
30601
10719
24411
21387
2829
6070
26835
8742
15917
21381
26044
18635
6561
31224
13476
21662
8732
27934
30914
15823
12655
31833
26076
18916
14112
3273
3289
31301
982
19750
11293
8079
28321
10377
13770
18545
30973
14211
29666
31498
1655
3891
32370
21915
10902
4617
29457
3532
3494
14653
17776
13186
7869
20857
25765
22105
22109
15205
18439
30735
17019
3405
11861
21785
30231
17918
2091
18849
24010
24461
22741
27614
21741
20411
23010
16328
23583
868
9124
6685
5059
6197
1455
8037
7634
19532
12113
25974
27449
15394
6333
31494
19788
1989
16233
31616
27339
9790
21644
2152
31807
14600
26082
11426
11766
29231
17424
14207
19962
30118
19563
7828
1841
4698
10900
28641
21656
3722
32399
6406
30992
25329
29878
21976
30294
18938
18238
25490
16465
2431
32625
11640
63
18697
28531
20891
23528
6686
16066
29756
31867
30352
13325
25645
16581
6831
28719
30714
25785
15812
29228
16653
25355
29116
20453
9142
10277
7664
25774
7544
25553
27478
24503
17131
2584
23909
6747
17281
10861
30027
22644
14147
22603
26945
25800
26146
2985
3944
32223
2464
10445
7921
8431
25865
3376
27246
22571
6289
20656
27864
22510
12226
1671
3352
28731
16826
14732
22305
9719
31364
8033
6127
5814
9685
12833
6307
22557
7030
23817
16032
7191
10989
20690
27392
6025
10043
26456
30580
10653
14979
7594
21144
25712
27069
17996
21870
20268
1923
16448
19823
7693
10681
16766
5849
3233
14388
29626
14599
5626
5358
8683
6959
21484
7679
19821
7205
2856
10495
22298
27194
13985
6513
24398
13737
31480
27436
5756
29299
26061
20418
30410
13538
16253
5815
2815
6934
8953
21906
5633
11565
3926
2402
24937
17183
7881
6053
12133
7708
16484
21859
1010
1992
21727
25733
16620
23495
3858
7644
10234
17126
9428
13179
7648
27685
16148
6357
4132
1141
7387
28634
28650
10972
7357
1782
9950
14938
14451
11040
27718
15913
14427
27584
8778
13171
12152
23592
4320
20670
30676
17934
7366
28374
25867
28623
2933
23053
28534
31143
6476
30657
4001
25725
18954
18511
12628
22482
6802
17953
3735
30276
21260
16191
18450
12600
11021
5183
6594
16123
2500
29613
8253
26376
11759
15769
20732
28474
6712
8990
22144
14538
29724
20730
4064
19926
1544
22788
27874
18150
21024
10736
25184
15444
12930
19434
18863
3012
2518
17878
2030
9084
30828
2101
32238
28787
16279
9085
24535
2913
30308
23614
20882
10217
12941
24667
12287
1062
9743
2181
6296
6327
21075
19101
32742
21397
5574
28440
15106
27723
23626
27881
25439
6369
6688
21898
19743
25007
30261
15855
21905
26231
5382
383
20824
4405
18120
9147
4635
28193
18688
2571
11904
19211
11249
18607
16431
32451
15083
23789
23125
25251
21480
17728
17671
24775
16389
25161
14258
18955
1350
1304
27805
30653
17175
6066
23898
14178
28312
19988
28421
1475
19026
426
28738
24848
15526
12068
483
28869
1273
15789
2637
15788
1958
32302
4918
17692
11135
31614
7834
12063
31626
10439
28436
7251
9141
21263
17511
1375
9607
25363
7394
26888
19051
32059
11078
647
3352
31113
438
19082
6742
2815
15740
17155
10741
7906
19614
16492
8687
25617
22849
6500
4732
9155
19790
31750
150
3471
7188
7597
13381
29915
4899
8015
32286
1325
2613
12133
887
25508
26598
18250
20304
15610
24189
16952
15320
12999
6697
1922
24421
27743
21107
31182
13488
9593
28221
3812
1962
16559
28218
22252
963
3018
13744
24271
14581
23798
24756
18890
6696
25314
15221
12901
3100
30511
19502
24543
3339
25427
26046
18855
21123
25839
9971
13021
15036
24098
19330
14314
31254
4322
216
7189
2915
16091
5227
23789
3663
11983
11511
12603
1953
9021
32725
6286
9197
28853
30868
14537
24332
24809
30822
15178
18222
18872
8316
19666
3679
31267
2090
31465
18951
21953
16993
26309
14556
27695
24900
15457
20641
8124
26157
8625
4999
9059
587
16586
6036
29192
9159
15794
24481
31354
27329
338
27372
30326
11260
21727
22795
10512
24668
215
30852
22915
6961
12921
6502
2480
10414
17149
13136
1272
2650
11729
32451
3927
27516
32597
4329
23141
12755
13795
32135
29156
13133
18400
23692
19386
19549
24265
18163
26926
19311
10944
16210
24879
23963
2294
23896
29189
21917
14053
9400
27235
24637
26139
28855
8498
10317
16399
7964
24650
769
24749
24897
32257
19358
507
3132
18666
6776
24208
13035
10373
2143
8018
4040
21692
26768
31582
26828
21940
32130
6362
8727
11474
10566
2398
13459
4463
7731
28160
1795
8214
28634
25785
15611
20248
25221
30111
28455
8954
22475
26043
6084
10438
10271
24168
17737
21050
24943
19422
26438
29619
27498
5163
2183
27105
30689
30270
15650
9244
11866
19474
7584
16890
13424
8781
8745
26530
19848
14283
30047
27777
9399
21524
21323
22412
19328
29460
25401
24121
13950
26382
29602
1210
8330
2941
3324
26284
10308
2816
2222
18853
7526
16474
10902
6146
30347
2006
24306
26993
17360
2147
16517
25839
15942
78
4723
30390
9012
25304
11923
17732
6735
21052
14764
31841
11339
19153
29082
7344
19613
17446
20798
18853
16544
28392
28784
20500
18927
10119
28655
23375
6453
6558
6896
30083
6989
235
2389
18068
23603
9358
16671
24483
5101
25783
26604
15257
16993
7947
16886
27988
6106
25022
9786
24072
7336
19519
7479
7802
970
21328
12586
7823
7449
9525
27940
21103
10761
11936
7475
11934
26308
18215
2952
4186
21259
27780
7520
21420
22813
2532
19577
2906
16491
32688
27040
29911
609
1654
29387
28426
23865
4243
4467
21504
22424
30721
19834
10413
10449
16795
6033
22885
14330
17246
4243
24743
30999
3391
7568
20747
32763
6363
24925
5278
6293
10348
10774
7500
29594
25926
28057
26716
30261
31123
5937
30172
6535
29226
24813
19159
8539
27628
16601
4430
23426
6175
32364
11755
27181
32620
20574
29391
19377
26280
30516
9787
20164
9130
16592
32488
31121
18899
13698
14953
1923
22544
14374
8846
17929
13455
20563
27810
1254
28526
26829
6576
8125
28272
21125
25929
31128
2543
8633
22546
906
20325
4392
26162
19185
1399
5279
29011
15882
6563
21131
28874
12857
20915
27881
9093
3227
2545
29600
11416
20040
18060
24653
22177
9346
4099
28055
17873
23329
24238
24134
31571
20827
13008
460
18858
22955
11235
7769
30794
23439
14800
19526
20365
8031
16207
32609
4474
24771
4603
6556
2255
16384
12515
13574
14976
18810
29078
13736
4912
7778
819
6072
5190
11791
11996
29840
10880
17532
5518
7910
21300
32397
2566
3798
25251
4714
931
23779
4776
31391
6905
13471
6130
6988
9766
9420
18659
27842
3627
26450
31500
2665
20809
31302
9145
20183
28610
32537
26752
4876
11688
16256
20682
8711
4670
746
30453
359
18258
1163
23525
27681
9978
21522
2305
25019
5356
8718
8143
644
30858
30651
3043
14923
31770
24218
8262
795
27341
7781
32451
31375
26087
14259
26005
21424
12093
25703
27738
21757
10490
10095
10639
31368
17943
30400
826
31273
10135
4807
17341
26883
18622
3998
19995
12429
26102
7883
8265
3784
27405
26068
17224
14789
24326
1682
25998
29678
28525
11283
12291
32748
3182
29957
32375
26988
24482
26038
14257
27261
20164
14807
28587
18853
30376
18001
29395
9189
30049
26226
6396
20270
11531
26307
24279
11959
26089
13926
1124
13157
24890
23428
8957
12698
13898
2512
763
14174
6544
11908
23129
11633
17323
4187
28250
26038
9200
8805
20345
993
35
2945
24198
16261
26094
13789
14583
19021
32418
2361
16135
13946
523
1787
22738
18573
10707
417
3456
8915
3957
1379
335
8581
24818
25507
22989
24742
12013
17350
486
14208
29783
11067
8852
22629
5863
8053
9670
4425
22563
14687
7943
5363
26082
12057
4094
10076
26613
16351
7019
413
4557
14797
17701
3753
31363
14746
1403
15678
12386
31255
7885
28798
21930
26964
17622
12213
23071
4763
12316
26367
31800
31888
4730
13097
15450
5155
7559
1361
18426
4772
3878
31980
25199
4775
18842
16977
11872
28911
29195
25730
21388
14469
6400
3185
427
21369
29928
26317
22337
6190
3625
12457
4921
7212
1422
19689
27559
13781
23073
24099
6926
202
18716
26790
27699
1238
3200
30149
22584
24615
12977
30065
9396
18249
31162
11123
4056
14071
18154
20677
2532
12273
26550
18921
11362
27938
11232
15955
28021
17427
10646
20014
12495
6470
24261
17089
1598
23408
16841
18530
30471
15290
5604
17335
14338
28854
2742
11538
67
23532
8534
6450
27557
12055
1261
28316
24841
19952
18007
13054
457
23966
11020
22401
23374
10247
12546
13604
18571
13826
7811
19268
20172
15998
19017
17395
2003
10235
1931
21351
23790
29842
3868
7873
32468
21080
31890
178
8883
12842
23243
5848
30883
26898
907
7967
15886
27300
31313
27571
30954
22696
2074
24860
21842
12237
5652
3015
7751
27571
5453
22846
29242
10818
18777
17426
4373
7772
15212
9983
13922
26735
4123
22862
31616
26940
29269
10211
27492
14828
12156
6511
17462
2168
31527
25901
27141
23417
20441
28600
20821
4602
2032
27564
11106
31961
15936
13148
18727
522
32298
11277
1683
27351
14076
2654
467
2650
7526
20735
26265
17579
7860
7913
25027
12807
32270
19328
16250
8499
22549
5364
769
21378
30798
22478
23504
30017
31464
16048
30738
22385
6943
31712
28832
32680
6557
30084
19248
3509
27375
14377
29345
2194
32714
32240
7560
22972
6068
58
25735
24648
10036
23187
27719
31695
27632
3246
15883
26347
19046
18567
10878
10488
32383
1274
4046
131
6880
6987
26605
7233
12910
9998
10891
24640
31950
32443
27695
1867
948
25579
23229
14418
4145
24055
7498
21586
5913
15859
7447
17165
19434
30831
27722
6340
26970
15079
11411
25052
10731
22449
1379
12224
4479
2954
31732
22180
9013
22575
14417
29345
16071
27712
27336
30553
3781
20595
5849
24448
13654
10493
4993
1137
1429
24096
10463
12442
26511
22942
18379
25137
24287
17937
29072
10763
13711
28911
11554
13973
6266
3567
14865
12346
3247
26523
25081
22412
22975
11027
26951
11306
11567
18426
21634
13568
11406
12016
8998
990
20391
26412
7498
26745
23491
24536
7848
19118
20132
25562
20665
13080
30336
8789
28128
5965
19847
29915
32357
9632
10593
17883
5018
29402
31190
26293
5530
6141
4467
21202
3203
2988
31782
19322
1592
30215
27544
10699
28097
21251
10420
15633
22045
26640
1993
385
19360
2704
434
8349
24444
1598
13548
26311
24056
9957
30213
3668
28669
26087
8932
4405
15748
13888
23189
10035
19150
18806
27106
6749
26573
29706
31726
24045
18044
19583
18396
10817
11058
28633
7778
15261
9314
16670
26864
320
25147
13102
9880
21922
14384
22762
16366
24733
23151
26948
12559
2602
3091
18522
17211
20651
3090
4230
17664
20765
18540
23014
8337
10526
19128
9659
15476
19730
5702
20303
18269
20905
9520
11357
18987
21021
32673
28262
7346
19347
11330
15989
743
30765
20762
10205
6451
502
8405
31717
19697
24337
8675
25594
17189
27926
521
274
9950
15162
16804
20291
14241
32048
6983
17567
28148
5071
18416
16733
12841
27823
12780
7953
8731
1390
9365
21273
24589
11177
26309
31366
14222
26833
30566
417
28581
17289
8587
25748
6951
3182
18003
2504
28579
24309
5941
21466
24044
16171
27102
2861
18049
20663
1781
30448
15517
11990
24754
27463
11294
20690
25387
5002
24155
31728
24908
1740
3575
27983
24395
10395
29029
24467
23713
19069
3241
22377
17090
9360
20088
4779
12823
19403
20002
622
24237
19648
20871
30301
16728
28229
23444
3292
27153
7580
19606
25429
15797
82
24269
20455
13401
6761
15264
19768
8940
14999
26596
10429
2896
19852
2810
5595
2792
22696
22320
29427
12660
19636
23237
32269
32451
9056
25258
31248
13940
31724
331
27978
18640
18879
27137
20426
11881
8856
16727
19880
22679
28066
29462
9737
16386
31365
23287
31518
18421
23338
8008
27544
31279
11008
20472
24325
48
10745
2515
9172
16738
34
12570
13104
18030
17594
5281
29657
14650
23035
1588
28466
24475
27102
27773
15799
23052
19321
17569
1931
5133
3548
3889
8573
30917
23922
18592
12074
31959
4032
30106
11236
21637
23699
22199
19371
5345
32632
32644
30972
29266
23024
28251
14953
32590
9404
23006
21638
27586
28107
26327
1796
1005
13171
16000
31485
29235
26302
8451
17272
43
3323
19268
22062
6046
3548
3738
18893
13897
30137
4825
10561
19551
24833
21346
2546
27017
24714
11895
8003
16692
31030
16418
13916
23878
10490
25617
20340
24811
6999
4068
31960
4746
12009
14349
1739
18584
8340
13187
13833
30408
30831
6406
30185
31777
851
31439
3065
21223
26039
16177
14814
1698
19815
13178
26419
2942
25998
18923
32700
4589
28063
20907
28511
11727
16649
5957
18669
3206
3247
2784
4181
30195
30606
9171
22608
27717
15998
9433
25754
19362
17424
5956
1318
27397
25645
9738
24151
15595
10422
20019
3552
10854
22879
1658
1893
27480
30983
412
31411
15274
25016
3530
70
10171
17347
6108
9235
16204
6709
4782
3449
15842
3005
590
20877
31336
21991
1379
25000
10995
11089
16795
18110
20782
698
3369
23602
7387
11467
4531
23324
2651
25366
24088
27904
30203
4927
16087
4865
17620
15589
15410
25279
32695
14655
28351
10858
14916
6799
31479
20822
2580
17165
19189
22343
3057
12260
27503
18172
28205
10481
18512
15321
4980
19320
30874
14679
13919
19745
20838
12523
22618
18063
29603
27910
422
31534
6807
4149
15106
7544
5237
570
20767
16077
31348
3723
17630
4124
12101
17568
19217
26612
7164
13513
13479
8959
18976
7752
16444
743
25403
22639
29759
9944
24428
5351
18889
18197
22999
32314
29577
22609
12100
30732
22964
10530
8068
31197
1231
8580
4889
6250
27735
5597
20236
17764
4060
2235
28102
47
646
4557
19824
8607
28655
22376
28896
13867
30238
28519
7419
31426
3131
31506
7201
11880
21218
14498
31214
7945
25088
27783
13602
5092
1628
15347
6677
1164
13979
12533
384
30561
14632
29891
22451
19570
21958
6280
19783
6041
8866
19052
31581
15450
6231
7976
25765
14671
25096
15200
19489
27937
16378
21330
11262
12604
25716
1501
7524
3821
15132
29629
10390
11019
21126
11631
29935
10176
9585
15309
9929
19800
15233
17549
6156
32557
15532
26015
17727
3801
22061
10178
22853
24631
26345
21202
4241
18701
31786
12533
13467
10581
4387
9061
16962
4547
366
20613
5846
6711
4568
13610
18943
21359
8639
27698
31009
16825
26248
13481
26389
2035
11359
26269
28088
18344
14558
27793
12171
24671
24252
27
30927
18643
28254
9424
9086
16111
14959
11516
23116
18865
8391
21773
43
25630
26311
12808
12163
140
24529
11578
11732
1113
17496
21559
20792
1534
28958
17980
1215
27895
20221
13740
11400
3876
16205
29380
14092
18241
24705
31853
3965
7025
16763
24999
19402
10903
15478
22100
7701
28056
5412
13698
7149
6742
6770
27643
16000
16938
12321
24075
13939
30754
7932
11258
32545
10078
23751
12374
6007
19087
30187
22989
8535
27988
6185
6067
30904
3047
9042
30470
24639
26536
14993
19547
9540
1097
23711
11859
462
20260
13816
29720
32362
3003
30770
6305
11316
6734
1424
24309
27321
8559
20633
10536
31343
29786
22390
17803
31470
21751
130
27964
27879
30328
3678
546
982
29630
29774
28211
9658
16031
2736
17622
5659
18854
22694
3578
10435
29166
26794
16526
25052
16389
7727
8565
26575
8585
22929
25190
1779
24252
567
10137
12011
83
5232
2998
7144
2658
16541
27624
28230
4049
7961
31955
25976
28733
21352
12229
22961
24113
7228
6378
12900
31649
32353
22975
26419
21230
9247
10450
6600
17377
24903
4593
7378
17388
19202
29912
832
13061
13964
20807
29725
15495
18131
16512
30428
16455
29470
3288
10047
9436
4588
13083
12218
14323
24835
8714
21041
32431
12587
5197
22632
2604
20192
32003
14599
799
25719
7170
22102
13147
18047
19960
28805
11802
15646
16852
21739
5433
20094
22869
11889
10410
30545
12371
8758
68
3240
777
17258
11997
28769
24311
206
20004
20978
4066
16296
30714
32294
26317
24969
20287
16414
3164
23824
30030
29197
20065
21445
25777
4945
13222
16723
20870
28211
31777
31095
6195
531
102
25908
31431
12697
9376
23838
28342
23134
27664
5933
26873
31875
13372
31911
17739
5371
2347
23476
27049
30572
24192
3375
21262
18292
24989
9513
30381
1233
10980
2853
14787
28067
25818
19661
31087
23702
23049
20291
21792
31751
8067
2692
25365
4983
29035
14935
2337
11371
28450
30651
2446
17120
13740
27721
6997
29392
25665
24235
21590
19192
26629
21759
7553
22902
30587
17374
10623
4568
28145
2985
25839
9461
19350
28459
8543
3071
26974
27840
28629
9743
26448
27710
28226
11670
15302
15044
28982
7299
18210
14899
32077
24780
2634
14008
30868
32647
24415
5250
26679
10546
28816
14637
2809
11956
12021
29039
17788
24207
13675
26018
19491
20540
9137
32132
2134
2023
21400
20843
9802
9272
27202
24319
2557
9627
32495
14166
12255
8951
25658
631
2371
2533
16249
6275
17174
13790
25311
24963
13495
19128
16858
29485
7173
5660
19458
10485
17319
15187
32326
17191
19965
29356
19809
13293
28267
19551
19747
297
9692
24487
16783
8273
6377
217
15842
13476
8056
1703
3193
24269
4829
260
21287
27436
3156
12186
1819
15078
10063
12255
27408
16092
14415
26157
17240
13116
7143
10278
14248
23345
23378
31831
23149
3627
7918
12149
25979
7848
14511
8712
10427
14750
9344
27434
18250
29228
7195
9151
3434
18591
6196
25023
4417
10627
5277
7183
22626
18552
30248
15747
25429
11435
7645
29885
25851
20972
1701
17338
26331
3271
6350
8620
11524
31244
28863
10263
19453
24052
15497
1225
10868
23572
16424
2723
20937
10664
18343
19677
404
18834
5696
13469
20119
24309
18159
15663
9726
28404
31639
11839
26572
25189
26008
1127
22939
17181
17128
29821
5991
16872
13873
31221
21969
21067
28819
2381
19734
19741
3439
1951
2286
25823
29557
13582
20945
2378
11235
12809
23545
11768
15501
4331
30613
24514
11892
29955
9080
4626
21388
13829
25361
30830
11909
14413
6614
26955
16752
5827
9238
29322
14097
22379
31379
4107
14803
19820
28489
8767
30040
22591
7053
7379
4101
18949
16378
20396
18523
20525
146
31866
19116
24146
13152
7523
30489
25653
12360
2749
3231
7760
7738
13139
28261
12592
4814
17547
18612
22309
4860
7992
3349
16720
17962
20709
4135
3436
19825
21446
18610
2419
1283
1220
7251
3371
2432
30258
29754
6385
31597
22432
13456
6796
10070
5668
17634
3518
23104
16203
28593
25745
31598
19574
26938
27086
23501
24155
27541
18344
6485
12433
9934
3775
26908
5537
22808
11344
27281
32399
12475
11181
17943
24735
19405
25875
2950
1855
4317
16068
32160
12559
13989
29822
14230
8156
20066
21980
3888
15359
11660
13204
10653
30924
27303
7623
29939
30544
3633
3329
653
19169
23110
21763
1977
16459
28370
18275
12617
31682
22816
21782
5889
28659
2284
3435
17878
14962
16073
900
16833
11096
7520
5367
22078
11716
18608
24668
26645
26699
11431
11671
28588
26331
21860
6216
30143
6274
32189
18875
25969
13476
27645
19652
30190
16905
12707
14792
16695
21579
862
27688
171
7259
15154
13896
30191
28181
16036
4309
12319
32766
20280
3233
4758
21596
8114
31534
7478
31056
12264
21526
13037
12678
15136
20525
589
13541
5812
19285
20905
17047
21300
17650
1789
8707
28879
12378
22628
1163
11583
26755
17615
28408
29266
8039
3772
17795
5341
30792
25924
4614
12017
22424
10061
18127
21708
2649
31365
29342
28794
7877
1334
10782
5867
11761
6826
1910
11746
25569
16742
3814
9519
9859
15591
8124
4617
25943
17055
15695
9080
31768
9644
30760
6885
10487
1729
10561
32183
2697
22790
14682
12457
712
23335
5001
11335
5422
26133
8903
25377
28541
13211
25182
29275
21080
3046
21776
11257
27070
17995
15069
31264
18473
19994
13756
8447
23268
22848
19381
17986
14235
10279
20457
13333
20919
14092
23135
20601
546
14500
12672
23489
10666
31653
30122
31751
13774
30221
11386
425
17553
24344
2534
23165
9503
5400
7691
11035
7143
14349
26065
6342
22773
29888
25966
9421
3664
18683
26039
27226
11
18488
6709
28842
21999
26105
22776
11585
17616
16651
18197
20124
5718
15590
5888
13632
9222
23454
32554
16714
19069
5223
23252
18164
21835
29632
4340
22562
17680
8880
27969
25207
15296
29696
14957
24427
27024
6480
31592
15911
9878
22770
26820
29249
8497
32036
14949
26022
3011
20018
6377
4646
13912
5513
21538
4930
11829
25230
31209
3220
13940
9207
28645
26668
22989
19019
28915
26258
3140
4824
31158
32238
30063
3500
23060
3386
31965
30133
21905
24611
12358
22637
26879
11003
10222
13585
32336
10118
10386
10215
8306
8064
20845
16374
1484
27403
13481
29422
29568
8828
14498
8497
3432
15970
24893
11698
13715
24721
30462
5218
9759
13693
3919
3765
6764
32709
8974
12161
30341
14968
29570
699
3504
22817
1998
21429
10500
16694
13638
4142
19564
3159
11343
8832
32244
26998
23408
841
20587
17407
9069
25737
25380
25632
24971
25853
4238
8522
27254
27345
10028
9289
10896
22184
14978
2405
24962
10669
8783
14601
17340
18775
18608
13027
4765
14170
20143
26269
20868
1584
27101
28501
25604
30518
9351
6552
16753
14262
30591
17036
26650
29331
23736
32602
15131
4784
22424
10455
1568
11616
17576
9665
24589
24848
25781
24111
26380
6281
17633
22071
4693
5344
15142
27510
32753
16475
25865
20846
29207
28962
20
334
13430
11950
19055
28838
13404
21883
8882
5415
1544
9364
29649
10361
13868
19795
11515
13657
30615
8566
31938
14004
17108
19105
19028
7530
7951
12059
32716
21095
4588
838
4625
1429
23781
28498
23544
5920
1218
20330
4105
14967
12866
6558
13020
1614
28470
30752
31375
29448
4782
15674
22435
31780
16585
22954
22188
8844
31902
29512
10873
22253
18943
8165
18180
8200
20731
12541
29788
15327
29197
11083
12486
12660
5986
9364
31850
25282
28103
22100
21409
14558
7963
20816
12795
5802
18694
30253
8717
13975
13904
294
6878
15864
3043
23759
10248
26658
27908
5751
1232
16187
10278
13302
14350
24426
28399
18950
22746
32298
27565
31935
2787
24093
23421
229
11591
13661
14673
31616
6277
5346
3639
8903
23183
10179
26185
24874
27461
32372
14639
20092
26957
23987
14055
18159
573
14765
28071
8545
23026
24911
6250
9020
4544
19024
14308
16235
20072
1632
1872
28653
22737
32398
23173
24274
22708
17756
27684
2953
2216
25568
695
581
32421
8429
10615
12623
12805
17242
465
31425
9158
24636
1792
7870
23483
22117
3882
1929
28307
17130
18145
26171
13230
15258
8430
29847
6817
4222
15549
30073
12338
11578
12691
6405
4188
20311
833
1518
3856
29695
23532
1622
3243
29895
569
26507
4439
22400
26476
3107
10281
4372
25836
165
21688
3009
19278
8578
28110
25145
2705
16678
13937
21908
12612
28962
12078
8339
6668
32480
3310
12787
5451
31310
24150
23977
16287
30432
29389
31677
18116
18171
19112
7834
31754
28169
25314
27740
18236
509
10629
31
29074
17009
10163
20269
13662
25584
4445
41
28406
5664
29651
32282
31720
4630
23312
11912
11534
8398
32258
3769
8745
3145
27254
32114
13498
7394
16449
14936
28976
20259
27210
10588
586
12241
26974
18044
15773
13256
16620
22927
22910
7792
22645
695
28341
14280
9466
3997
6409
21092
32007
18939
10677
6911
30496
15228
13682
17693
8817
28840
10133
15164
18529
15306
21194
572
1855
16099
8639
7957
99
13042
4257
3819
7946
16157
20291
9924
1720
20315
17289
1763
18705
5648
29471
21927
26788
31802
1675
21731
6423
10817
3723
6440
2432
22639
26168
19436
9049
14833
32428
31526
14306
25133
9621
7189
24503
31092
16120
1655
21813
11835
22764
26537
6930
18534
15282
31977
14804
4714
22164
32606
22053
18395
24070
17105
19132
12297
29754
7453
30171
14183
19979
6858
31762
21490
12751
15649
12293
28550
16331
22896
23937
29763
31737
29020
21615
31134
31220
18892
21556
2398
26061
4573
7264
25603
12638
9489
31271
20986
17603
1206
20187
32052
20040
24733
23007
1187
29116
26151
11842
4268
13885
27788
24834
10215
32599
16159
16041
21458
26684
26193
27446
451
16071
7410
23969
19152
17478
20209
18120
1479
25057
5327
14366
16006
3114
3422
9105
8101
29829
20863
7445
28248
3645
10662
26770
10105
8126
24269
9719
31670
11116
32004
23041
26408
14275
12222
23683
3012
3859
27259
25164
24868
8830
10791
10428
2769
8752
30713
22444
23507
15391
8166
13999
8286
1458
28836
21397
5902
3970
31011
16622
20588
3144
29177
4708
29219
26181
3075
29430
16792
1908
24782
9501
24764
28117
31465
24730
567
19410
27499
31949
1879
13802
20746
7340
32376
8926
15335
16068
2792
6728
23748
19461
22936
22269
21664
17091
25774
24672
21315
8268
20375
19372
30069
17128
11388
20541
18001
27164
18062
6730
8148
22188
19584
9069
9180
1438
8652
27013
14266
28531
18665
2878
22801
23123
32069
3801
393
4939
8755
12356
16557
18757
9931
27146
14094
25325
12367
12348
14414
19386
21123
29023
19299
20629
28149
10805
2570
1309
1080
29356
17244
421
12407
26841
4719
4341
2777
15535
10907
30365
1695
2672
32693
19719
22245
14989
26846
13781
4375
28998
11915
1625
7482
1054
113
10374
31517
28068
14
32595
18250
14303
12066
30702
97
16492
10942
21041
24090
24180
17342
15362
8769
757
24396
1550
3591
31806
27664
8089
11942
16895
1817
24344
11601
32107
30764
7359
2063
7663
25583
5195
20668
32076
729
29453
22525
3741
28324
30862
28758
20378
4314
12193
15606
31982
30243
30221
2956
581
5191
22218
21204
23071
4680
15300
18654
15023
9914
18349
31746
22176
16677
3661
32709
7386
21385
30519
24468
4586
3697
752
11816
12314
24554
17377
24115
26608
32341
6336
27594
26873
393
13063
27650
14104
11743
4648
25886
3854
27849
25973
15020
20764
1656
24357
11881
16897
29944
2766
12808
46
11683
14787
17549
22359
14718
14075
25917
523
24368
16479
8944
6351
20345
134
16903
31105
17035
3153
17448
27739
24149
4435
2625
15258
23960
2855
10062
1064
21964
2421
23657
4459
6317
26765
14713
4090
186
27084
15247
22264
24587
7508
3010
15493
4315
9128
18620
14968
13635
12797
26025
20059
6818
19327
2976
19097
17712
11071
18814
3524
9917
22100
22825
24859
21190
17984
5578
32116
5632
19753
28850
21419
15298
11939
13718
10135
5997
2128
22624
25570
5647
15767
13494
5629
16640
31164
32679
3484
32354
12892
31971
31263
22243
26227
5748
12042
22534
28991
27645
25872
5636
4522
