13677
12491
30419
196
7902
13875
7751
20694
29373
4105
26295
26654
6865
21125
13380
32752
15353
3671
28665
9436
25102
25642
1966
7314
23181
13620
13634
5324
27346
17362
6792
17020
7381
27960
20413
10390
13477
10998
4719
25874
13637
7949
24848
11185
23327
31721
14968
5763
22010
30050
17529
162
21751
5456
21619
26767
26342
24767
2531
23300
28632
7258
16326
3802
28075
27197
28696
3385
27663
27434
2153
15918
17539
26515
16985
13253
24976
26933
355
140
25388
28213
3435
20388
16089
2008
19836
32547
27248
30682
9840
22121
15647
10645
22782
24996
14704
26883
3186
1257
11225
5795
32324
20947
20308
9955
13107
15692
4890
4609
15281
8180
2013
5616
2091
9340
1147
24053
16057
11493
30359
7372
5537
16202
9876
15671
23588
6886
15721
26097
3306
30667
18914
29978
16012
3063
21604
18173
657
30394
27944
30800
23471
23001
17815
478
22826
12912
28065
15695
12021
8507
18407
1755
17146
24106
17877
10083
26091
26532
31722
26827
26110
10959
10977
19750
18932
5551
18260
12223
16133
19488
29861
9582
1240
32563
18835
17556
15872
26751
18248
5490
2294
15636
3058
13871
1379
8238
23429
20252
13315
21080
3035
7912
25851
16925
17054
23001
14814
25408
6045
706
26278
16314
31670
12402
30280
21141
13929
14159
29266
1925
9917
21541
19379
3602
25104
9754
15976
27549
31519
10515
23157
19740
9141
12262
31478
28849
32002
31398
1940
9252
3444
11829
13116
19744
18004
7597
1964
32317
29691
21934
15573
15616
11222
19963
3701
27555
20746
24250
3076
17257
30081
2935
1202
31209
19471
24320
24871
30723
2454
14669
14108
30111
22701
19012
14743
16813
28627
28134
16555
17313
20662
8541
7483
21481
10038
1101
25735
13039
5536
3727
4730
8428
21678
7598
11311
2703
5129
17332
18405
3537
14703
30820
22869
19623
15773
24589
11588
18999
23720
5448
22394
10467
14184
12171
11706
8278
24394
6650
15399
27088
11225
21695
32290
12155
3572
22339
8555
19644
29919
17533
19368
752
25537
7750
31410
12095
17011
11156
12368
15774
15468
3515
25621
8204
16657
17193
32589
24335
5097
18978
29404
26124
12562
22335
31360
32088
7331
19936
18540
19435
19671
19054
11378
16738
22578
2453
10872
19597
28582
26369
30853
9537
5274
3414
10214
6566
3845
28328
9909
23080
7394
18623
19543
38
14865
29481
21157
18036
8704
11713
31219
8071
5836
1507
15852
15867
26753
16962
14234
2934
29023
3805
23875
4543
21666
31087
31859
21879
8267
29805
23419
8716
20843
6722
15937
29312
26113
5012
17952
27619
22705
1958
29306
29470
20967
5139
18961
21350
21098
25840
25517
11307
22321
29959
29355
17365
28742
29667
16071
20235
7203
9409
1610
16953
26128
20298
25948
13781
31000
13006
21163
28326
26795
4469
6706
31903
27490
16359
20983
8474
7462
6638
15643
29580
22716
26639
1957
23873
3111
26863
9616
24582
28579
32502
16155
17585
133
3653
21449
2321
9021
5596
6492
2969
2728
21413
25262
31373
4827
877
20138
28000
17834
19425
24764
28885
19326
8122
11124
10041
23541
30213
18790
20774
1920
29279
23631
29642
24382
20280
19664
24770
29118
12414
3613
9582
21478
15230
14616
27239
23601
27359
19132
22383
23411
3568
20346
30707
5997
3520
25311
21988
25529
4251
23811
30122
4096
3841
29343
12929
9013
28675
14437
31705
29052
11924
31812
31408
4212
761
11700
24899
30123
15936
20528
12050
28412
4619
12620
8780
24533
2819
11718
27120
11654
715
17144
15613
15339
9433
3472
7639
11152
26673
8179
24360
15391
28390
3957
13596
30037
23646
27072
9251
30771
851
31028
23422
27094
9195
14108
4925
6826
8021
22109
4391
21590
4025
17346
29626
9246
26187
1923
12872
30673
21911
9914
32002
29986
19739
16637
1295
3996
23974
26863
30036
18957
9958
21116
26966
24174
26292
11414
26117
8726
20771
15005
26872
21952
9469
17525
22226
31320
30731
17143
9164
2653
23238
20588
25143
11800
20087
14315
1358
17178
2542
27031
2733
27732
4289
9437
2558
23776
29476
172
434
28617
25597
24037
5210
31193
24431
14880
16616
3609
1170
11849
65
23391
30910
646
3013
26725
30786
8747
9333
15421
11394
19010
20786
4242
27522
19392
32468
31647
32632
24317
22647
16014
26298
17851
25845
26368
5436
58
26698
27774
31800
1071
5331
29331
20362
31624
22453
11407
10447
21383
26412
21644
10610
24188
23983
9381
31065
21415
22677
11477
6020
22959
6209
19362
24630
13147
28413
16037
17877
19173
14877
32068
31540
6249
14852
7785
15040
27604
5555
22015
22755
24473
14817
16169
8088
25564
9191
27341
28526
7408
28139
18875
40
19942
20116
21444
26801
24769
19180
2922
8457
13495
11477
8056
22068
5195
11280
14987
2191
11221
26284
19069
26193
3089
19816
20339
12500
27790
4027
5130
4641
2143
13582
28602
9978
18855
13638
28896
9042
11116
21752
5358
7856
15629
8014
4003
5757
29818
28762
13007
25767
18919
28736
14948
13971
12039
29689
17642
10529
8377
17377
18859
31239
22986
7729
6522
22813
23562
19344
2292
5355
3773
30521
7601
25126
32668
22308
25831
3603
19859
17399
17892
29857
20317
32755
16611
22912
30719
12181
24501
8165
11978
25598
3039
1416
32531
6194
7340
31638
19745
7507
25645
27017
5506
8991
9628
10716
19919
20116
27377
5033
19365
8825
4832
4093
15575
8930
18714
10841
25945
26523
31256
17883
7426
17974
26252
5807
10347
5610
28761
22248
15501
14037
12129
5822
28350
27886
7849
16677
21753
12452
17107
1537
7638
30981
27031
8257
20238
12645
4743
884
13885
5981
16643
13504
5313
4348
6969
8265
13984
18547
364
31421
24874
7416
31516
10849
25601
16405
23411
343
19782
10120
11990
16749
18647
2909
12052
225
18620
4041
4300
27716
18811
22038
7898
30842
16671
25821
3077
898
22835
8072
10365
14327
4425
10869
27903
27890
3646
14674
30694
1511
32660
27732
1288
9837
13202
18683
24760
6676
1527
32596
6148
17987
32169
30614
1449
32091
13980
27091
10276
13352
24626
17974
30780
15016
12806
21851
25220
17845
14335
29445
7656
15675
27060
25265
3690
8837
8063
28762
29360
25713
353
31036
6910
11454
18162
32217
9359
12635
21733
15986
15881
11519
19678
6649
10099
2672
17258
1380
17937
32300
11475
23972
30638
15331
3878
14380
6665
4431
5369
14938
13111
1396
15383
9903
15772
20164
168
30363
7714
6064
12004
11208
27882
3795
32264
1174
3585
25352
8660
31921
16396
30660
410
26152
12721
10868
12080
14480
23203
7541
16455
12867
888
23071
4737
25143
25290
4693
289
4266
2042
6508
12985
29092
23449
28400
25439
6243
28536
23910
8380
1111
4123
25509
5179
183
24579
25704
8800
26007
7914
16132
11418
21551
549
11068
7039
23494
15293
13908
28873
23193
15955
29176
31028
7252
17780
4740
25597
18541
4269
8438
12007
12436
23973
4323
5680
17484
10828
20062
3681
26493
7500
19506
32444
1352
21972
24021
21090
19624
24321
10267
28098
7842
29952
21149
3406
7139
27732
27545
29738
31314
995
22247
12483
25501
20101
15224
18171
7780
27230
14361
2004
32405
468
5314
23327
5548
13968
27445
8391
27936
22968
20538
7461
9464
12264
2326
17018
5685
28113
27170
5751
9839
29685
4064
18167
19670
3931
17465
6157
4711
5418
12119
15109
24060
20271
9948
16882
920
30842
17069
27072
4357
30866
12939
23331
28468
29765
31174
11376
20924
30546
24908
11998
23168
21358
18706
22131
22351
29652
7485
23374
13120
30693
18644
15856
17889
12073
20321
7083
21205
23339
28644
28387
22869
12590
1549
3792
32657
8554
11161
19240
20579
10598
981
26402
15727
236
32317
31016
16854
22720
7122
841
18849
2442
18808
16248
5807
7738
8077
27225
8584
20754
26536
2998
4479
12502
12349
24919
28621
4533
23592
29463
16378
32354
29397
1358
13442
13578
18175
10310
27083
2524
21458
22524
10496
5555
21830
19518
16981
30029
11281
20980
13220
13867
10110
7386
2150
31131
11431
21880
29580
5354
15195
17513
31828
5723
9304
22956
22
25927
31462
22825
25530
1225
9817
17328
24682
7973
4049
15218
5117
10492
25434
18835
21412
6617
7292
29453
30750
3407
4076
7267
2097
18252
12796
7675
26973
25864
8419
7991
31052
29128
14437
28278
20791
17856
29323
22914
10986
28855
7461
29694
11457
29681
16061
8762
14786
25618
26904
3602
3311
8870
8192
10684
30589
31595
13914
9776
272
16760
7150
7113
19124
22720
28290
26137
26743
26219
7478
29848
26220
9368
19256
24344
13747
30761
12183
27801
14272
24512
23142
8423
20623
18635
18946
552
3507
14096
25098
6056
19237
1485
17425
3062
28896
28456
8187
11827
7333
19802
30790
29042
18407
6647
8972
22490
8065
11195
19678
5777
6172
4123
7879
13378
11168
11936
11776
24523
20858
23035
15235
19089
11377
23495
1903
15531
22690
12914
11762
980
25735
23569
19634
16712
14739
10414
27554
31450
2759
29416
5294
1690
30815
20587
500
20398
24257
21654
24389
15509
23025
26437
9021
12077
7153
32087
20039
10492
7812
4096
25709
25547
18091
1219
11041
19745
28908
1071
842
9002
4077
12638
17300
14004
19678
13567
16787
30837
23658
16920
6503
30259
2781
4179
16014
32308
5350
6914
9855
31223
23540
14364
22792
21399
6777
4811
14920
847
27155
30329
3315
6775
18819
14176
18436
15865
28057
13128
7948
17029
169
18902
11862
6244
9153
30680
4838
18034
31341
27006
11685
30542
8431
9893
5170
31087
13434
1054
26026
23564
28559
10073
12198
22740
25517
9135
20110
30820
3100
8572
3751
4130
13213
5184
20711
32521
5977
26601
31839
28844
4059
14477
6079
32694
1484
27241
5477
16241
8045
8611
18230
20146
25176
31378
25970
13299
319
23062
21991
25700
6983
21849
21716
32268
23286
3999
4835
12209
16790
8821
27950
16184
22018
13396
4064
24718
3175
30491
655
21353
13995
15005
27670
20592
9090
23613
30485
32637
2731
28499
14638
21275
17839
19195
14201
10883
28052
6639
4167
11152
7864
32210
665
4588
31999
10523
25467
6661
24830
21975
19454
31424
2989
3786
14323
30335
16572
9642
659
18957
7207
591
15264
10223
22888
26304
8988
17333
31981
22766
20034
29589
5522
717
23732
20772
8195
22152
21605
29493
2983
15936
22886
5252
25706
308
23118
15126
9586
30387
13840
1686
2766
624
14374
18547
11091
30955
2293
15986
22457
8907
12841
11729
28459
23689
29612
5779
22828
20150
1272
9053
26641
25586
645
9152
4528
12169
11410
10415
25043
32600
16715
30181
11892
24718
17251
21303
17804
7312
27415
32533
224
26246
3635
4752
30767
23969
15027
18365
22243
9488
19826
4514
31364
31309
18904
11774
12128
15227
416
25698
7614
22241
17289
31139
8327
20048
30655
16064
2571
26237
15807
9908
6297
6289
10823
16602
3238
14597
12485
16420
25427
14599
16390
4793
20265
12641
18571
15884
32614
867
5042
29113
24625
3569
4075
24859
16488
23448
31623
20960
28605
29782
32496
11744
26763
13379
25664
8720
28650
9267
27986
5507
18347
31663
17325
31101
30100
8137
22593
20622
24649
9932
9842
11186
24858
28899
30560
252
5405
3933
10742
1694
18654
26291
13581
5510
11170
10947
14
9376
11310
18978
18657
15750
3755
20314
5379
20840
6921
21369
19514
12828
8561
7771
4830
31631
12622
2640
25916
16819
18954
3703
14333
23099
23321
17128
30292
11507
2120
11638
31378
2934
29508
27080
4347
12391
28078
27724
32135
23810
20641
2008
31809
24061
8769
21285
671
25925
16684
4251
826
23659
16411
3196
21873
5752
3473
17120
30711
8020
24577
2417
20149
6029
6684
21216
28650
27054
24220
19444
18679
619
12937
25977
22096
3736
16796
29799
20482
20592
14771
16677
16788
20494
21211
12508
9159
1400
20740
15721
29962
6438
3897
9827
31479
3630
26101
19329
19707
24611
23073
5576
20228
1338
21102
13547
29443
9700
30836
11321
24947
24152
24428
8551
2061
10545
9287
626
29361
17397
10780
8505
28986
11535
5092
8290
710
22465
2947
16214
28687
12331
29260
30235
5590
7328
8676
15266
19997
27168
30450
18373
22425
91
19225
10475
3085
24211
27345
25597
12379
1261
9768
16383
18646
891
29401
20486
22169
26836
27451
32461
24770
26424
22859
27041
6560
30536
20050
28600
19753
19426
19225
19727
4751
25335
13274
15576
18078
10353
25659
1483
6415
11666
23425
18039
9004
7160
7370
459
25038
23383
3550
16181
9309
19490
7692
12050
29442
28865
6723
14952
1263
5440
15802
3954
6239
30391
5238
28220
29348
19196
29035
702
17481
4903
31443
10103
26574
1802
4814
21001
30031
20621
22503
13149
10093
14969
14977
27007
8261
27894
6094
25654
10684
3906
26655
2766
15523
19180
12993
8632
30006
16208
15620
21773
1968
18919
1211
8477
17067
27716
14269
15884
1174
25385
4458
3478
16260
31079
23667
2725
24295
8495
26238
7732
23108
24442
7991
21416
16358
32173
11947
12546
29207
15870
1151
12276
30575
6315
20278
13590
7357
18693
20809
30044
2245
21869
29627
11599
26829
21816
13157
31543
13092
15013
690
18763
16874
14359
15900
25277
12255
14147
16958
27350
10954
16002
21485
19185
10340
27959
124
7126
23079
8960
23731
7319
8653
16695
7175
25830
14599
2254
8076
31338
8154
21456
7014
32651
30399
32572
32658
16055
21932
1482
31665
3846
9658
32248
2124
16522
29173
4898
14542
26083
19383
29732
32092
29364
24558
2447
24141
2904
11299
11848
20910
9932
9408
6563
28181
7761
30555
14762
8254
3932
26463
27220
29971
6067
20175
28026
29395
26847
13875
31438
6819
16122
20848
14662
4365
20853
3153
3139
5075
25624
31701
19775
25652
21829
11392
15949
24857
27867
26624
22070
2598
11865
18255
9135
24824
291
8925
10919
12240
6545
16821
21069
29132
25740
30809
24312
25521
27045
5622
1082
5974
15560
10918
23662
3855
8511
8325
14868
25467
22589
27232
28521
16083
13668
28987
4044
31564
31743
6683
31458
5944
948
5644
5217
6512
27141
24098
1845
23466
29515
11243
7705
6174
31507
10672
24580
5823
12079
5741
9815
7882
21284
22299
16638
5073
24986
23207
29098
4783
31683
2831
3986
18503
2888
9255
11657
21572
887
29679
18497
28196
21584
19650
412
143
1325
32756
12818
21872
3761
6913
22461
21344
8092
23494
32182
28703
2547
24566
22325
19184
15743
16383
14341
26464
20581
13814
26405
31447
10488
22580
18825
12493
12100
4141
1196
4617
8712
11719
11340
19641
8248
15673
26165
23489
11543
16097
13390
20560
26400
10227
15806
25070
17690
27887
23553
32055
13354
16075
29322
9318
28480
22674
16878
9121
2398
30817
24204
26479
16452
15408
22733
21516
10165
5161
12711
10378
26760
10750
12835
2934
6794
21075
17764
26061
21810
20900
13269
25206
9047
27727
22920
5634
29065
25519
12485
12910
15950
16174
6476
232
2180
410
9885
16175
14024
30577
32127
645
20964
29811
3311
17642
24235
1170
20540
16283
128
26343
3981
28674
29292
30078
32086
29944
10386
5668
17962
3032
29129
6709
3307
9714
22626
15310
2611
31142
29751
27884
21401
16042
10127
14149
5495
29071
24263
28984
4644
10175
7865
29823
25946
9044
18543
359
26553
25180
3075
30906
30057
9400
23568
16065
20531
25688
26922
18157
13315
5689
31578
7091
3411
11822
9923
27757
23418
17241
17769
10717
8774
13364
12164
10692
1759
13459
28166
15769
23438
6556
1330
15897
32403
22513
14871
12460
8366
9899
19531
7904
412
27177
1631
17678
13878
19309
12369
10183
17707
30054
6096
31334
130
12649
29586
20031
26483
25475
30163
1625
32372
23070
5999
20247
29988
8785
8602
28396
6593
29762
1567
32723
10787
25403
21423
15529
583
27979
27701
23413
7391
637
15418
6187
29534
23152
19029
22923
15676
7069
26126
12877
28992
28567
13178
22064
5154
22697
12110
13851
21707
8722
24493
12739
21317
22722
31489
10032
21674
22126
7098
3851
15147
32505
13163
16905
11580
11863
4125
18351
22124
10150
25897
10388
20143
31820
15654
29117
30747
28119
21306
30300
18738
3549
1474
11730
16812
1091
16652
9703
21915
6542
27138
16951
12339
17956
32685
7847
5079
21632
28250
25707
2561
17994
30431
8249
20074
20369
5438
25267
6069
19717
14844
2628
4997
31290
21540
18024
19523
4416
16960
27987
2524
30163
20488
24670
24785
10006
22942
29750
12099
7655
3284
22522
27872
12553
12912
29808
689
30048
8618
19940
13546
25919
1736
20279
22325
19547
29794
21963
23394
16384
20283
7283
12537
31676
4640
21949
13433
1881
25900
27547
5122
3262
30930
3986
1779
20775
1456
27555
22476
23470
10438
12921
19091
17795
13
9343
5850
32385
16236
22397
1217
12144
13570
14163
15273
14634
6113
25493
14784
24416
30693
21209
27403
5472
23510
11038
23249
13033
28478
22749
25932
31742
32411
26387
1537
46
31080
1660
16184
3292
5543
30503
29391
3757
22496
27820
31173
21005
32343
4924
15773
28100
3680
23
27329
21599
12847
18701
6906
25793
20973
15207
13762
31400
16790
21046
21672
3967
26645
22372
2600
14774
24408
2953
1934
21125
11552
6760
19494
8250
4486
1032
1978
3717
408
10976
2360
3963
7842
9023
25027
24544
26239
29660
844
12140
14783
914
28737
11883
13954
32549
12513
18257
2976
23784
8600
16196
23692
21091
22481
16419
19334
998
6133
29439
19140
15095
11202
12221
15697
10334
12747
23458
30887
19085
29317
31677
16895
15029
3146
5484
27966
13960
27415
31468
25527
4958
30892
15717
17458
2561
8411
13464
12475
14907
27415
21879
21274
7780
16548
23192
10545
24918
26173
2520
25027
26321
11390
1158
1786
29814
19683
16640
32569
11406
20331
20039
32471
20083
7043
12571
3824
24375
8352
29452
6202
358
16383
19390
9086
13203
14130
14068
26574
12611
2868
28813
22326
20574
11477
11035
17307
22410
897
3560
23561
2068
21613
1955
13960
31107
10346
26818
14588
24305
28581
11969
11654
57
502
24615
32331
22594
3816
20038
31305
28736
29924
28693
27157
9594
23078
7505
6573
19173
24489
19537
1102
23981
9277
6998
27744
22994
23302
18904
13444
16683
16616
17012
8723
24047
16312
20129
26711
29316
25054
18413
1507
12838
12275
20769
17595
14563
3437
25209
5317
4001
7567
22726
24650
15032
9559
6586
13700
11869
25350
20563
30496
19440
29184
32039
3618
8456
6907
14445
5295
2335
21014
28522
11151
17889
1
20994
242
5909
1253
5089
14031
20264
19783
21489
26029
9683
15568
5918
25379
11512
1691
26230
18945
24675
11791
19719
9134
28593
25863
2302
32499
15057
14318
10274
12469
32131
11932
23387
8073
31256
17962
22715
5195
13063
16285
16643
13026
7654
21409
14035
10752
15009
2531
17143
12461
1284
10399
3199
12175
21327
3917
9971
24995
32201
32487
6039
9246
9156
4076
18296
20554
3600
99
1974
3
18261
12896
25379
893
10535
8183
16134
15386
15162
29967
23341
17663
28346
964
29555
19620
6036
26049
5984
32748
11617
13198
10009
29244
18115
19150
25705
15403
23329
31521
9353
19133
17928
28831
24816
7024
25739
1460
7643
26970
5914
30132
31185
710
7742
17047
16939
6783
8850
176
31054
28261
25085
6036
22265
13946
28810
29410
15022
32497
2195
23490
16228
17237
5886
12224
5863
30692
28929
13393
23044
30106
18858
1829
9100
652
31999
17626
5156
19853
6283
24818
2977
8158
29658
10347
20745
18395
31498
2408
29001
29406
22080
23896
27860
8439
27396
32483
25775
3005
1175
9536
11644
12613
28503
18558
5620
1108
29935
14499
8441
12106
19624
14861
16509
16571
1341
5827
9823
5562
10551
19672
31083
24111
4262
6162
16470
27702
22968
2798
7799
23229
13974
32078
21692
29097
6213
31643
26946
28184
25910
5216
11435
21100
6345
23427
4317
28542
3756
15173
4557
31593
22782
3078
20782
14898
5652
7129
8277
23053
19588
69
12509
10837
13315
19752
17750
15060
27180
8200
3495
7944
14059
26147
8226
27683
22854
18428
6418
16686
24073
20857
1163
19227
23523
21392
25500
17106
12874
19055
5851
26394
9162
5116
10284
10167
12300
29995
27229
13773
4429
3645
19272
3818
19270
13333
23692
32447
3618
10950
32088
12227
23117
15829
30811
24404
5684
14134
3905
19507
682
2872
982
28007
9194
9772
13795
3138
14062
30123
13155
24397
19513
13745
5132
26944
19393
15186
15462
21616
10713
11934
2987
3798
24872
18225
16529
32219
32430
28014
3780
8653
15302
32260
32712
3643
2016
3530
20256
4819
21226
1671
26373
9740
891
17903
10241
10742
25921
29382
24126
4733
3493
30651
592
25652
1620
16326
1054
31958
24005
21810
19981
22027
12405
4063
2122
27431
19110
19512
21258
20823
22424
18173
4444
14732
16928
16083
23668
21718
10135
29576
27510
27562
18697
12597
28878
32687
25919
2876
4786
24991
29351
29893
22624
13015
4833
8927
23986
1887
24511
462
11127
10206
6161
21045
30279
8128
26428
701
7674
25186
24572
9628
14472
14968
16427
27010
7405
14666
32171
450
29349
2623
10354
25108
1521
10055
19292
7550
16197
13939
29442
288
18174
32242
30935
10459
11282
1953
27902
24513
20994
30543
14800
12655
16858
6403
14176
8519
11053
30098
762
19275
29682
24631
22139
24972
15150
24112
11530
24552
24982
16249
4486
13324
16807
17969
29703
3830
6791
29187
4413
12817
1332
23588
798
7518
22120
11746
24549
29029
8128
11691
8125
26995
26881
26994
17239
28764
6780
29977
15419
27353
22817
30709
9306
20797
12988
15755
31382
4538
5281
31200
15069
11283
25417
28312
30844
31173
23166
2295
9313
17924
27919
29309
8842
3101
5476
23404
25695
802
17527
4701
16011
4261
32508
28323
7671
15365
15075
28678
26865
18857
15789
735
32752
8837
9035
21312
16807
25567
13346
10792
24863
5843
27550
13212
13383
7654
9382
23557
7274
20317
23576
24794
23784
779
29789
26376
30173
20073
3505
6131
3218
1732
32089
13388
32472
19566
10193
19182
17218
27082
6196
8202
16682
6027
25431
23803
17169
26762
3609
19221
25403
2128
21266
14265
24085
23951
7468
16441
27198
29315
20073
29486
17471
1933
17205
25752
24998
4992
8018
18650
21369
10763
13311
14256
17259
29208
27003
25950
14172
25907
4093
17311
5902
30540
12142
14063
275
2465
20050
18854
32678
13406
27013
24999
13333
26634
30107
13658
367
30471
25432
1530
8988
26062
3087
8639
19357
23692
13926
12616
12323
28041
17450
16340
27711
3420
11072
25058
12257
14133
22070
20621
17130
28466
28604
18638
22816
23384
21740
31965
8277
20246
10697
1914
31172
4032
19781
15751
16583
17057
3142
31462
14770
17330
22978
32762
8989
7892
11860
13019
261
22263
24283
31782
6687
27374
24407
29843
15970
24418
27782
8892
15828
10696
3870
2549
8835
21943
2895
32513
27571
22212
713
5139
10285
32445
11913
667
4156
16479
9019
24824
7609
19569
21228
7705
20440
11603
7158
29259
23600
20659
7397
14540
14431
12720
32312
8781
30154
30664
8806
26375
19959
2432
17165
4522
30159
28439
1762
1693
15102
32471
24817
5769
4461
27456
11129
17359
28075
21104
15421
21332
30550
29932
27644
15986
5463
11878
5798
26781
2541
23612
31576
20401
6781
9970
27210
428
21508
18759
24311
1679
1147
16686
29282
19547
16267
124
8596
6385
21118
31993
15163
23722
3388
29723
21427
13943
617
17848
3438
14733
16049
8554
3302
21238
24634
5471
29310
6974
19410
32023
5208
386
31840
8203
28764
26289
31870
22505
32705
25750
12887
7623
6523
17759
30352
25093
8671
12839
12384
11191
31227
3557
29075
31680
31653
9708
5658
29707
13941
25876
24077
30917
16399
409
13574
20783
14478
8635
367
28071
28921
21140
6173
23094
695
4900
26340
5975
29241
27988
17456
11994
15973
25250
19740
20324
27753
275
18512
30805
5830
27650
19243
26524
6983
26257
21015
7137
10081
12648
2289
7570
7728
7636
4499
3741
19297
21190
20875
21064
24774
27522
22816
14936
26030
10472
1111
6918
19041
26339
32039
25268
7689
30081
5032
9462
24798
30731
12396
6203
23456
17348
5934
18826
10989
12459
8443
18625
19465
6818
19123
7767
4798
3313
22247
1777
31581
25415
17538
21549
17817
4104
25214
17649
20149
27794
10582
32712
31072
17002
14604
26579
18208
24440
4003
21493
31131
2512
10071
7362
29980
5631
9620
13561
10472
16521
30952
5609
12843
14442
13452
11721
6985
31417
19153
20384
25334
5154
4821
19022
26849
15198
2285
31220
29003
30645
2296
10993
3263
18679
30505
25020
18463
5932
29909
20522
902
11744
21715
31525
31412
148
30786
21154
19558
10173
20586
9806
22051
9936
18583
8766
7618
24159
18810
29152
23946
30869
30313
10835
29992
13068
3397
20113
14486
4732
27709
16975
24941
11872
670
112
2177
2878
15576
13097
22471
21933
20768
13739
5019
1433
4897
17627
24415
115
2342
17115
6455
12396
28894
11111
17948
847
3067
8954
2562
29114
14320
21826
16295
25841
10644
16526
1012
7463
12465
8241
24311
32249
22378
8839
17093
16929
12304
5440
8628
25029
11687
2506
22113
17254
8520
3885
7548
13956
6398
6006
31719
21915
2417
16859
9684
3574
13736
14053
9618
3725
6776
28614
16297
16812
6719
10416
30396
14427
4458
15198
13354
31362
22564
29798
32341
31840
23484
32012
16573
18336
8702
29157
9725
24274
23069
20492
8995
24327
15308
9276
28300
20521
318
1160
2189
11684
13021
13637
18282
31936
24525
31690
5531
721
29013
17003
22823
15578
2284
31267
17599
10765
24390
22724
20783
27885
21195
204
31056
9285
17568
7809
14418
14923
28061
28690
13623
17083
21315
23441
32136
14110
11226
9027
18200
12513
11292
14371
31717
22625
4432
16911
2005
25269
7775
30680
11900
14962
7407
15249
25759
6859
30354
12582
26111
9124
31652
27406
19878
22226
14810
4084
7172
19510
28512
26807
20911
21605
12088
14149
3466
15056
28148
13162
24789
4631
28125
23894
10022
19986
4862
12590
23798
1865
29210
934
15785
1619
31231
12038
32589
21581
19029
22791
8403
22222
8576
32675
21225
23721
2972
14090
8324
26377
28921
12925
14974
10353
10255
26846
3048
27208
23780
4049
7250
16135
24821
12905
3382
2515
25697
11231
17071
3149
28893
29716
27570
7658
32527
9695
15710
11121
11439
9926
26551
8882
29575
13371
29661
20658
5453
25545
19325
23983
19846
13824
11881
5177
19568
12945
13190
28416
15865
16733
31918
18518
9939
17183
29705
23020
22540
26062
30128
3262
26966
25221
28440
5468
28202
30152
3515
20460
2065
20943
5854
8760
14736
18463
30191
17027
16150
449
4796
28100
30633
32595
6740
18156
10867
21647
23713
20954
27849
17936
15198
10817
25575
30030
13959
28913
22691
26226
11184
20941
11975
27121
3247
12970
8939
26781
8685
11735
20491
26164
19010
26213
14515
9634
32126
13754
3248
24099
29873
165
18223
14703
11544
19266
31054
17495
18251
28180
28918
5775
8353
433
24788
14269
2430
23890
3062
9539
13023
19796
14373
14102
21448
21111
20034
23827
32250
19211
20373
9386
11112
1506
11867
29301
10736
14085
4989
20920
13416
30407
29928
6563
10336
17143
21275
2896
21909
12629
20928
30431
21211
30936
31009
1975
22792
14580
25060
25970
28396
8261
5833
13622
27129
5852
15068
21442
7223
9662
2385
2407
32422
27974
29020
13819
7891
4436
6543
28597
12868
28550
24506
4563
11619
7780
25152
9006
12790
28279
27272
26561
19647
1324
20287
2901
21143
14448
7956
23804
25465
9412
23051
18300
22624
21588
5825
18688
4228
16945
29095
5920
12461
1394
6785
28655
3485
32568
17533
907
18822
242
6231
14067
15109
21292
25698
21623
15127
21191
15640
24419
5541
13959
25287
8311
18823
30394
17709
16377
12922
9176
30849
332
292
14166
4158
930
15988
8466
2066
1503
20196
31370
8715
21823
3204
3145
18750
11260
8086
2179
29412
10161
27208
16318
27080
550
26697
3459
27080
7579
21792
11910
5090
15125
21463
20046
8914
12350
3600
22200
30191
30458
8025
4186
25373
4473
20274
29551
9486
23332
5922
24807
20868
1005
31197
22227
9935
15467
16269
8083
2856
27577
29195
18904
24701
10703
31502
16605
16635
5082
16130
31678
2339
22375
1934
3974
16230
17151
21339
86
24726
15057
3289
27905
10830
6384
29173
7594
6751
21281
5356
1810
7709
18089
3742
6122
6041
11720
12510
17503
12946
25029
26612
30503
29285
24745
5482
1720
31706
4981
3085
22978
26375
179
18358
31978
2877
509
21718
8474
18584
29123
22464
30524
3259
291
8259
19135
15524
996
28932
8608
3054
25242
3830
3271
3577
7740
14522
1243
16657
30216
29623
21474
13030
5097
9668
10166
14550
5505
12315
27081
7600
30211
12627
4975
23011
28119
531
32764
11136
14534
21386
971
5282
2998
2482
18957
7933
19147
3132
660
26707
29272
14671
18032
26174
15128
18023
23589
27514
2344
5433
9429
13318
12461
4504
28637
12823
18118
4106
23988
8471
6841
22194
6034
4699
24030
2522
20780
20720
7694
19198
18505
4802
9940
1538
102
20504
26967
24088
11589
16409
8387
6954
28309
6609
11644
13813
10739
29486
17178
29223
20006
21280
27212
6341
21503
20862
5530
22680
12598
16229
8745
3364
30154
23496
1592
8385
26761
28631
777
5069
6140
31642
26218
32683
21993
31481
28367
16051
9973
11457
13859
24791
24819
3149
14616
17352
9101
5146
2156
14926
19101
13905
13720
32318
27815
3458
7041
23866
23705
10631
10427
4747
29030
30939
11709
12801
519
7524
217
10455
30274
5071
26182
11552
9087
14617
18072
17968
19258
3247
16909
18011
29732
30983
102
16196
17062
23056
26844
8584
5672
3623
14883
22864
527
523
9142
10528
3429
31340
21132
14775
1998
29535
32742
32487
16076
8204
27665
22096
4982
24697
22483
9778
4322
16311
25325
2463
10244
14291
14037
29841
19595
31719
15680
15853
28663
17214
20245
5219
21635
21292
6871
5451
3368
5886
24498
15721
2673
11404
17477
9359
21544
28265
19718
22899
19910
13895
16006
12804
25141
25248
8757
23751
19307
13501
23917
14381
3676
10873
13683
30282
5160
12955
26306
4283
2754
16290
3297
3981
16681
8965
16026
9315
32188
23184
29615
19000
4709
1579
5711
12782
15227
18718
23575
27358
27634
23305
24310
599
6740
817
4693
30483
15116
19798
4558
17928
4078
31377
19419
21040
1360
8593
7039
28896
934
13888
6559
8461
31944
2618
1107
30740
15131
29732
15824
18979
30103
25844
14260
14466
32191
14027
31788
24654
25508
12473
15648
5491
1684
6845
31245
32491
22072
28639
27915
10862
31978
14383
6433
12762
3794
28652
2279
6059
9300
395
9623
28694
17836
26175
10712
26730
13161
13792
28396
23152
27944
21713
32213
27612
3657
15156
17106
15103
26021
9528
26987
143
30780
21183
26903
1503
7815
940
2682
17044
32521
30981
15071
13091
11711
6246
21012
2609
23486
32691
30442
28005
5183
11517
12826
7532
11242
11309
3996
6810
22654
3347
12087
29841
15282
9825
32075
21349
7100
24241
23545
15384
25460
31198
4629
16110
31480
8487
16339
2208
8960
24645
5391
13925
6962
31563
694
7281
3784
15349
6491
29278
29494
7551
3626
29900
14786
13562
5781
18776
2167
21961
12821
214
23698
14129
16133
11094
10500
2306
22669
17408
1119
4025
21285
6702
13903
7094
27570
13351
4665
15903
16881
7812
5955
29445
14233
29436
11404
32536
766
27863
13263
3449
5625
12252
7864
28737
8610
20911
4084
17594
28573
8701
6177
5213
1787
30195
437
12949
26680
2333
9129
26608
28161
12939
4051
21258
29940
26740
11954
13923
25778
9141
21294
23783
13336
10120
18709
21837
29879
21556
22247
1024
29393
28387
4907
10423
6090
13200
1057
3623
18397
28290
32501
31187
21461
20550
25382
19926
26194
5363
6827
31101
3044
8399
12028
17124
2494
14879
2722
7342
31703
16789
9759
16277
1751
1419
15928
27153
5732
7127
12423
7733
12555
16307
19748
29875
32296
30500
12219
4680
29085
10845
20206
24242
25534
4355
7906
29414
14836
23249
15740
4827
24543
25865
26870
28146
7014
11781
9188
14011
16797
14984
32527
6760
9511
1021
32574
20834
24881
10466
3072
8966
9585
31948
30605
26250
30272
6831
21342
31651
30212
496
4014
18893
15946
4580
31487
11806
4134
31018
16333
930
28947
3964
31170
17521
10745
19407
4524
29334
29063
3895
29728
31986
1548
20279
1292
11107
5674
18000
5717
19763
21141
4106
8878
22019
3716
19357
15746
30791
19378
23716
20645
17110
2539
4939
30900
8741
28812
21089
32227
22155
21077
16125
24199
26018
28236
7647
18625
1037
216
21293
32711
1001
13482
23611
16059
7560
9437
8148
15322
3366
21236
18646
20974
32304
21326
2277
31331
31467
26845
2714
15951
2690
14609
11656
28265
1401
20643
13627
5134
26232
32540
13809
12736
11415
12602
20468
15914
11841
30984
1477
659
23394
25545
24247
1839
8628
6583
784
1229
11644
20171
24971
28217
25842
4591
7473
22942
507
9169
6313
30317
12653
5965
11435
26930
16172
4970
7872
8429
15690
29205
26421
3934
28727
17973
11377
17301
18629
24887
1319
10158
3801
9371
4331
28837
26657
27966
27573
18725
24329
30867
27696
19801
17272
18046
25303
17790
30205
17445
25190
16613
9653
23878
31836
2591
11994
10805
29064
16701
25934
31733
20987
28034
11608
26728
32627
24037
28019
19680
29146
30925
27203
21488
11764
13717
21441
32650
1886
21531
28016
27084
7157
27720
19020
14393
31853
18725
29421
18936
27042
27331
20444
9552
8776
25996
5420
31564
11594
20683
2270
13005
7918
17995
7737
13704
9658
5268
24203
26661
28404
15623
29237
19967
7466
18940
6872
4108
27173
30838
6744
24788
16757
17322
16050
18096
8398
25114
1725
5572
20322
2229
27544
25751
10678
28022
4057
16732
1758
10799
17
3453
25559
9895
26662
22240
29418
10654
10216
18419
12904
21715
4603
19512
22417
23354
21543
26242
23807
30547
5373
17257
24206
2535
3643
4008
22745
14683
7384
13832
13510
2332
23815
30872
3318
16122
1658
12855
22213
3851
6956
28358
23522
23508
13116
20018
3020
24697
13656
9089
25534
1432
26213
7876
4625
19422
15081
27798
15810
83
142
13160
4212
17046
21624
18323
30378
15451
18873
2183
23397
13864
23813
20298
20076
16364
21150
30323
9561
12748
23260
2630
3251
31949
25505
23607
24782
30386
1738
25616
11936
14913
27288
27498
22155
8175
10254
11455
11079
11411
6510
29936
16530
26622
32120
17921
4816
14442
6717
3344
24078
5557
28946
7189
16641
22403
24317
31927
15261
23217
25294
32652
31588
18040
14316
5331
31040
21836
22655
29071
26185
31355
26839
10239
23570
16597
4758
1638
18042
23741
6218
14146
7797
8857
28133
23719
13441
6476
24911
7160
4344
4674
11922
28851
9948
6262
7889
602
13701
5383
16244
3819
21088
10783
32065
2039
15588
18533
20789
11860
20732
12321
18593
2942
9137
18889
12177
29645
23793
16639
10691
16551
30544
26962
17993
29977
22734
12128
25858
2500
13331
23757
13972
24555
20832
16932
9247
23758
27412
29660
5354
2310
27989
11738
2367
19539
22820
24998
5871
4367
24981
29783
7223
5189
28361
23776
12396
18493
30929
21028
30811
28123
21154
25376
8447
203
28787
15361
26079
14014
23994
28198
17128
17668
29049
24846
26579
7968
13680
29321
31388
17464
23830
232
30313
3520
6157
14095
9486
3207
18337
14341
22584
21457
24899
23836
23672
5925
23867
15894
28821
20645
15898
19804
728
3399
25980
27405
1130
2743
7202
9963
6108
2413
25308
24512
11463
21126
7885
15514
29153
7976
4946
13097
10109
17184
6604
22629
1817
27718
13735
22346
14888
29668
25927
30689
4597
32506
23475
4839
22240
27974
15566
21788
25957
17984
14501
23661
20835
12688
14496
627
29734
3274
29658
24674
18103
4758
13176
4780
13856
32012
21043
32454
23859
6573
23897
13432
11465
12682
19352
7445
3736
22736
1597
4831
12406
8748
4543
31379
30747
31676
18812
20786
25183
19408
31972
32392
5231
6469
21347
18482
19763
1497
3605
30833
13663
14457
31041
13288
5377
19413
5889
2231
20050
3086
27523
14354
14408
12231
25217
15529
15299
16384
21916
19358
26509
21835
9030
29298
32533
17114
29871
12124
20425
28810
12244
28390
27077
10092
10594
1162
18465
5700
4817
25130
4048
26581
24540
2264
18429
13847
22514
17728
24746
2232
16660
28387
17716
24343
17863
25333
3732
20686
26122
31122
7456
24357
19544
9174
23071
1004
12999
14766
14355
13983
13624
30071
9967
20353
19446
12416
1141
29719
27998
28505
28448
15383
19535
6884
3396
7199
26166
17713
24987
8461
6056
11346
15663
25847
1697
19212
22900
13066
18413
16308
18944
13631
30229
22796
16988
15594
25380
14281
29891
24377
15273
5794
30751
28951
30271
17068
7728
8820
30957
692
25730
22062
31832
5666
28910
18668
13547
5203
8263
27284
11014
29322
16308
20659
700
11916
4586
28004
12573
15708
9930
19155
28433
32757
11189
9665
11689
5508
27113
4210
28749
27151
15558
27335
275
18111
5375
16383
20023
25388
28625
16487
10152
2667
2981
2031
21126
24540
17778
28504
958
704
9173
20281
29998
14044
2553
11863
22525
17459
17183
32529
32501
6930
14000
13852
19915
29973
18373
21801
16381
21858
4162
391
12315
17129
22717
4459
21792
12505
22295
10011
6980
11662
18441
23495
6226
7340
10833
3111
4428
25006
21542
19331
17079
11625
1707
28544
7207
24229
11954
20618
20405
3663
28857
7009
9891
9326
32137
25518
13000
30780
16717
7274
30815
24316
26539
443
4255
15139
18634
30
23686
16147
24864
20809
4802
28895
24941
22752
4996
13383
21758
5557
12859
25591
96
23009
20240
16038
28233
23996
7241
32628
8250
22641
1906
27555
10353
27551
11357
8248
29806
32199
304
27083
13160
27024
2243
8040
13810
14671
7558
7083
14496
1496
10896
21658
17709
24920
28914
15058
18798
21856
19811
2117
15873
7004
5608
16725
17847
27657
28596
4130
1864
1968
8254
26745
1573
24727
15947
18780
30209
5776
3278
19426
322
31138
7690
19339
23474
26128
21790
12793
18001
15522
9377
16564
23643
15271
29628
31621
371
32295
11771
5397
15411
29191
10863
7229
6542
12016
21684
20669
7463
25142
4064
9006
13169
8288
17847
7886
27188
6000
31846
24666
15675
19559
10743
13373
27255
27580
13520
3599
9967
601
28373
13887
5874
3654
1414
18236
8589
6828
10677
23975
23242
18766
27971
17011
1060
22523
3031
14151
28175
17283
20355
22752
29358
20102
20720
20459
24085
28162
25707
12481
467
31475
3211
32381
7675
14239
19379
29487
32317
4718
32737
26033
11186
17494
27582
26708
7954
1151
1436
15061
10784
289
25806
9822
23406
24480
5426
28857
10994
29949
13335
442
28273
12066
15158
32719
31515
2432
6083
32392
20141
5143
10279
31214
22579
17953
4201
9491
13017
16114
14374
20602
14728
32670
23370
9606
18765
796
21043
31177
31748
3545
30944
17468
31467
29281
19615
10938
30907
30225
21885
4014
23428
2837
29124
18042
30004
14177
5255
27594
14828
2784
5844
23403
23522
20674
6908
20837
20478
19000
30672
20725
7786
12655
23651
540
4149
25748
22551
11760
21964
30559
31882
21984
17902
6703
25344
8004
25476
2714
22967
7318
31111
28057
28614
20116
29631
5047
2519
8942
3295
9547
266
25401
21652
31791
25033
6233
23301
16928
30192
25309
17986
11226
10424
32219
31474
2307
24029
31469
5342
21039
31068
25380
29743
29058
11887
29388
12623
12455
15944
28333
810
14958
7625
24853
12743
5960
24558
22824
29396
25761
1314
12059
24849
15143
115
10463
29728
14768
10804
16748
21152
29809
27134
21281
22214
12520
22909
28803
4037
3822
26570
9939
28024
15245
21099
11354
29699
29653
3156
18440
27038
6465
9655
12875
21490
14145
22731
31607
11106
11040
21116
18112
14562
26652
2897
310
3363
21323
30682
25908
29222
28945
23798
19781
14813
24310
20537
1352
10288
10726
5410
6559
30000
16118
22503
11434
4316
3783
1912
13865
25578
21063
4934
5601
19817
31108
30952
1310
9642
19560
1959
14625
21670
16617
2422
465
23680
31274
5160
30374
5421
3220
4336
8803
22977
31322
5608
19262
23642
31667
21389
16036
2431
4303
14562
4300
10597
11218
7143
27505
15350
16588
20303
13756
5053
18624
9258
20072
8318
30893
22800
2702
19110
19156
27236
20655
7889
15902
31550
21538
20029
7492
27363
2448
16055
20489
3893
32315
5612
4203
2017
15733
11849
18387
3766
27253
21215
23326
3217
434
444
15322
8807
14202
31339
2765
13993
20998
30304
630
13635
28679
30147
4299
11554
2866
21654
746
24940
30158
2915
9111
12011
12046
15574
31235
13148
6189
24564
23566
26654
16482
6481
12228
1099
17573
16041
4622
19909
6461
31317
2668
2094
3234
13683
22119
15400
29688
19144
29331
6334
27575
26990
18592
22021
22545
20627
22644
29043
16441
15577
20691
8937
16871
25645
1021
30136
14516
16154
28559
1794
31324
4568
27669
8928
30879
21800
17392
7514
32612
26219
30210
29393
5174
7841
30515
28562
13970
14957
12063
1011
22607
13045
22877
22159
20540
25824
19663
4094
5200
18554
31248
22207
4276
30177
10664
22699
2851
19855
17153
3701
16209
15204
20673
30028
17650
20580
21074
26055
7679
1206
10746
22864
16973
23832
19012
25779
25338
9250
19438
10369
269
22383
20632
30602
26369
30005
13514
6585
332
5314
5850
32402
14997
19494
1392
24577
22278
27375
27764
6055
12921
20045
27268
8404
17434
14505
18957
11835
17133
58
16518
7058
16967
3674
25059
17850
17248
29060
449
9471
6205
11162
4957
28619
3903
27475
3786
11441
19475
8718
9516
1991
2945
9870
11169
23404
4481
19129
31575
26328
28662
9705
27747
9508
22484
27584
25603
11824
30769
446
8307
6092
18801
27538
7001
27328
1363
18982
411
19811
19018
1364
21345
15434
7251
12254
17757
4219
6095
17864
21505
13939
19880
23402
22229
8313
30258
6259
26244
2235
14979
11600
5679
16869
29532
30885
21167
16545
347
18678
26031
11093
15302
4781
11301
6199
24213
29106
19736
27874
24454
24318
25057
17667
23070
20600
26571
25032
14713
18179
17726
9246
691
4155
22740
31398
444
16100
21444
24107
22815
13951
7366
11558
12208
30272
21020
10131
32267
14184
19727
20047
24659
20284
23154
1289
22553
17360
14337
22140
28079
9988
30417
3679
11762
2656
3458
4790
8970
28495
32416
12364
17551
17965
27964
16492
4913
31978
27391
4004
9177
16031
4363
4180
10420
20542
9178
18376
3253
29877
26106
12268
24184
28557
3721
12495
10309
3936
4572
8235
14905
24619
21274
11245
14700
142
31585
17333
21097
28787
25814
9895
11291
18362
17693
27089
12206
23665
8007
21260
19411
1592
7128
10542
1912
7859
17685
13343
24085
4022
10963
17110
11387
31240
23033
17687
3171
21601
22204
4282
23867
28987
14107
27109
3815
21140
27442
15563
24375
14050
22192
11955
16591
23399
12749
30854
636
13010
14124
7622
11048
27582
17539
26582
20615
8627
13434
21590
5007
7663
2498
22884
27413
15555
25156
15493
3172
3568
1926
16834
7027
29923
19659
19887
28860
15221
22044
14425
20635
26549
3524
19746
10010
18117
15107
979
18899
29220
12943
22986
26865
1486
19370
17651
4962
2807
26789
6961
2253
9053
30750
20792
2380
23199
32258
9486
30669
19199
12947
11468
13779
23348
17788
19131
22239
20283
647
11469
4708
15814
27508
20575
3576
17370
27913
433
5919
14244
21121
16944
25530
16263
12395
29764
10281
8295
24507
24572
10174
15589
7018
28578
11915
16594
10672
28671
10161
13937
26154
6048
9067
12265
2106
22906
19806
28769
8886
5982
31721
24047
12258
23890
27803
25329
17847
1180
5475
11726
10811
28060
26330
31814
12576
8721
23741
17270
23208
11312
999
10721
27950
19501
12151
31053
4900
13494
7894
26947
10112
20749
10996
14724
28773
16577
28851
26385
11728
21313
1019
14706
1095
17623
29759
19588
26277
12203
26315
14051
7634
16237
24328
27372
8715
32533
7493
5200
23150
7593
4486
23517
3906
31338
27642
30068
30035
2979
31646
22290
30449
5680
20999
878
9892
19225
10690
5583
18791
8031
7523
21471
18778
26724
29456
11046
17812
11638
19813
15132
24961
3873
31241
11639
8111
16786
23422
1923
10418
16249
5166
30617
31814
32582
13498
20790
10211
9099
22531
21485
21303
17244
12587
30583
30891
32615
14880
28321
15083
23614
19
29142
13456
28869
9608
17129
5652
27852
3031
24437
21192
18305
1212
8715
9663
20103
20586
31368
27386
28267
19326
10466
32187
13231
28763
28333
15242
22778
5013
20646
8567
14633
11903
16247
2125
4160
6032
31921
32653
16171
14916
27795
2144
13267
13053
26615
17895
700
2066
27957
32002
10652
15944
23879
16786
26755
11936
21482
14965
13648
5600
17120
20766
23928
10973
5696
12766
955
11033
16943
21597
27441
30459
30751
13650
20851
15921
1765
2453
24515
8549
6137
5765
14797
3871
12620
6729
13332
26875
974
26630
14476
8545
17509
26573
5453
29749
19587
5733
9863
18991
4608
18867
31369
28478
10666
10158
6840
17586
18547
13802
8154
843
29442
32144
4777
3831
15756
27070
15899
20977
31574
3780
388
18178
17448
31399
3729
30963
32400
26816
24978
26325
23414
20225
24525
32626
29425
16
19453
32724
24683
8114
19042
5421
13810
6309
31525
5423
28014
5071
20024
18168
29715
27445
19202
5464
24350
7073
30201
30510
6115
24316
22301
28843
4802
30614
7198
18730
24292
25559
28071
24681
29538
31846
23036
11764
15498
24484
16130
14287
25807
12106
10453
4776
4086
27343
7844
27902
10909
29994
14849
9270
16672
22469
11712
1132
854
9517
23110
3255
10691
17625
25449
26191
15205
20550
18412
1520
24558
30510
24989
9673
20884
30645
25528
6491
10558
19106
17321
1426
19148
7975
3021
18327
6033
27471
30024
935
21064
31785
12377
6021
15395
9392
2465
4886
22514
29346
12903
4781
3588
1359
4705
27133
31070
12764
14591
15970
24119
6274
1833
15554
31845
24241
1239
24599
11894
1191
26730
4909
19326
2082
15878
16847
18684
25072
3469
10375
1208
18746
8253
9550
24361
26090
27386
17606
5114
7167
15199
2197
21388
3555
10161
7432
30683
4410
24427
27960
31984
10605
12935
14554
20722
11033
4845
10338
24320
5004
31368
4146
5268
6834
25988
20531
25379
16259
17514
3716
25962
2913
21161
12884
1667
27174
16424
30486
7060
1433
265
17946
28322
12012
13302
21262
14250
17369
6119
27436
23755
14199
10707
8636
23482
5818
18837
28882
6860
11126
22960
15976
17107
11209
26920
13751
11179
1583
8551
16998
2378
15675
3839
3134
31316
29988
14468
21584
19142
27065
13852
25247
7219
24889
29228
9415
24032
29914
3009
18175
11906
14813
30788
2455
11532
9224
9635
30518
10612
15230
26964
13276
21637
31043
12547
4599
3182
2085
32690
10229
8220
31611
3946
5984
6458
24731
7175
27207
10513
14415
8920
10925
3829
2230
23513
422
22663
22361
1462
31094
17135
2614
31703
24947
23798
18675
26336
4384
31254
6208
26152
5961
6352
32522
24531
10465
31142
23960
22305
27364
28156
21560
6334
16235
9157
7583
5904
4882
15959
4868
16286
12966
23229
23380
24663
21667
13881
19815
17774
14513
20704
3210
17658
9363
1914
3492
22457
10249
2588
21990
4982
16133
7598
13411
31623
7042
11405
15103
7002
16151
23149
4205
30349
17406
16706
803
11476
19728
4544
10631
23680
3356
25134
4785
29392
32044
19328
9221
18603
8691
2582
32383
28694
3782
14045
14881
24342
18954
3914
4849
17268
28002
30400
4004
11092
17775
20379
23876
22750
1717
2504
27219
20036
11327
32664
31712
29502
14795
27833
5726
363
18977
16222
27866
7262
7645
31487
2418
22995
8727
2704
15256
24212
14319
25863
31910
31321
24642
12069
1091
527
11372
24558
21132
16965
5486
15627
29564
16483
372
3168
23506
9740
1061
28442
22531
20226
4058
23820
19712
3423
21897
13086
17848
32573
24365
20717
3687
27072
4565
32111
22414
15602
16895
28804
17986
5977
11721
20883
7276
421
19072
28028
32567
15344
10684
27403
10410
6089
4364
16068
20332
20443
6959
13063
7869
16688
28688
29964
20989
1895
13961
861
2705
10714
5290
28877
7035
24511
5692
16108
22662
678
9877
3999
29616
29013
29090
13413
1765
28671
2829
6796
11823
3702
23073
19336
26814
20354
7708
993
615
17603
5352
29530
14519
17408
19077
4255
16646
14143
26894
4197
7229
12991
20494
11282
22167
15773
23928
31537
6459
7075
21005
26244
28612
21822
2513
7975
32330
20941
21665
20328
27797
12660
4234
28498
15539
3649
25597
32071
19034
328
20046
753
7642
19296
8365
17410
6210
9284
28040
23705
22134
5420
2020
11494
11132
8359
21117
22508
3563
23288
18731
16137
19078
22740
30553
26440
25838
14707
22229
455
6745
17082
15533
25602
30127
11739
16498
7906
292
7328
2681
24057
17558
4942
32607
6405
21614
11108
29332
21790
10755
6027
26946
13300
4878
23386
29889
25518
17803
15369
25373
18661
4535
1214
13204
6342
32397
28258
21198
26963
10309
17566
10067
28634
6895
22716
16105
18854
27517
1964
22382
27566
15806
14357
16708
11979
17681
9524
14815
23094
3399
26348
26247
18927
19675
24700
6363
21033
1437
3985
2219
6450
22792
9945
23566
1299
28545
26712
28241
2196
19908
16589
15453
23481
20373
21333
6650
25705
15972
23970
7938
1797
9974
826
19296
17516
11715
8960
24329
5171
28063
20618
29317
9169
25304
12796
13183
13646
25233
5911
6522
31201
17021
20560
2283
6621
4947
23251
19873
4270
10560
6020
23858
700
18273
26032
8117
9467
19768
14028
15416
24271
15441
19424
11359
47
58
23739
6820
27021
28920
24417
8437
29767
24452
26121
28751
15068
21299
18955
4865
19288
15964
1922
2293
21281
6616
15045
1035
12220
31634
32173
1636
17602
17698
4366
14786
10883
12418
6295
6410
28505
23534
28047
10107
17753
31146
4753
24682
31259
26261
15355
2686
8760
21650
8807
30688
20830
16745
23944
20818
9157
2138
28806
30880
7675
29523
3807
2438
19164
5793
23232
26345
21929
23112
28004
2454
25655
6080
30117
8558
29644
6091
31142
31295
23035
31302
12003
23415
9335
14996
20868
18149
13401
8671
22202
19189
32639
18725
15640
12343
11686
16288
8269
1233
25833
27218
27044
987
28990
7662
23770
28771
25470
27596
29932
14203
19249
23724
19658
26199
22633
19943
27534
19311
20375
11964
21572
1891
22768
17545
27427
401
30428
28788
4388
10044
21997
30167
1792
19498
202
19083
27957
20817
6881
19421
11077
62
8403
28329
12777
8898
26401
2941
484
18931
16213
23143
8660
31866
4998
25249
31148
23701
25714
12378
25133
9939
29227
26220
7152
14131
18744
9605
21044
11800
24128
10144
588
16800
453
18271
17254
23772
32119
26701
3763
32171
5223
6020
6048
3366
32576
26503
31263
16466
28727
5893
22343
28437
6165
20512
30194
15488
7097
2794
25203
2419
8755
12195
29626
13834
20881
17384
6948
27633
12929
9905
4302
20886
11123
19779
9990
17570
6514
31734
9470
457
1981
884
14580
14642
9138
31578
4133
6936
898
30632
8059
11696
1231
10330
13400
32474
8171
7065
15536
17624
16487
24579
10808
28004
6512
1353
3052
28988
27843
25862
12894
28341
7687
585
6715
14534
13232
18675
850
9917
31061
4730
2901
7691
19102
11138
1949
2481
8655
31043
919
8637
5462
27476
30327
2185
28357
31621
10110
6994
6128
2444
26450
32729
2426
8288
3968
24375
30212
17718
32263
25417
31439
19761
29944
16582
31110
18561
29367
