14503
30550
22298
14368
8051
26165
12963
16876
13584
31297
5910
7465
20768
10554
14195
19268
13050
23147
2379
3700
23749
9679
7675
5
11541
31838
25180
6459
32624
22675
20018
14662
11084
18615
12932
10752
13512
32746
19842
25166
31516
1834
26390
10164
21411
14458
54
9019
30372
29072
6454
12571
25796
16016
11032
3475
11685
24546
15061
7635
29483
20679
14388
23838
2182
7948
9067
11063
14222
5003
3077
22838
23642
2603
31977
31698
8987
18331
23862
5088
16208
10539
20430
25274
24340
18584
32005
21402
2915
23023
7084
19616
15102
4756
24688
24457
1468
31523
6452
4482
7184
22906
5323
30860
8291
1436
22319
27512
10531
14645
20058
3315
23095
21993
16657
17696
20310
12830
21988
26179
7485
4087
14176
14339
23898
4990
9878
17386
4374
14547
14700
6797
4533
1540
21465
18451
1601
28694
30746
4230
28072
83
12257
17999
12559
16050
23115
27371
7906
10109
17854
3672
5067
7277
15032
32356
12650
9347
1271
18658
10772
23675
19756
14391
23523
25239
1037
27034
9856
21626
28830
782
24890
7190
25716
25945
15331
8785
15933
28328
19025
2648
7499
3917
19388
30522
16295
6392
31982
7363
18365
5782
31348
15779
27084
14150
33
28782
16718
23916
12130
28943
13854
21953
2419
9985
1881
31433
16587
28718
32504
917
1674
1480
566
13484
24870
29503
15830
7412
11878
1865
32629
17152
5318
26584
22487
15287
10006
24251
5548
31238
28785
10887
8239
17521
2037
27274
30892
9077
4991
2610
15923
18431
9663
8068
15934
4052
4836
5941
30535
16161
26277
12002
4905
29229
4832
15115
15144
27009
12130
11281
20495
23995
12514
14435
26816
9050
5600
21626
8554
26034
8360
12349
13716
9167
19386
15662
12281
23017
19940
23069
6534
8865
11608
106
15217
11481
7117
8948
24697
27959
30056
20950
17651
28327
6933
18752
22291
20329
3041
2430
5897
19861
17588
3813
29543
30317
28125
29019
8140
11653
28923
10691
27987
11104
27584
616
29581
14406
15520
30799
17069
29879
13578
3541
29032
22596
24658
837
6085
17880
17426
19161
9898
12316
2721
9806
15275
9493
20610
7014
2552
8138
25235
9367
23977
25216
16673
23657
22551
3308
20178
28614
2006
17425
20051
30294
15367
30224
13829
8007
16164
27627
2892
4451
18418
29210
29381
21073
13441
13726
26868
8070
6930
24560
4715
29222
17497
11397
29717
31944
16116
76
23191
10676
4808
18398
2761
7983
11797
9836
1801
32304
29634
2302
9578
283
15327
10907
24168
21727
881
185
10145
8297
14100
30353
17038
22459
19603
7742
23715
12279
16309
3654
5339
6542
13515
3380
6299
31830
15255
8667
22364
4227
16414
13325
32223
32707
8168
31585
27200
13856
12578
23931
2611
23569
11465
5151
23239
23465
31954
6474
32128
20830
29438
5048
30916
20651
10623
21564
17545
14350
11723
24185
269
1357
21068
30769
3713
5840
9643
32718
21033
23518
422
16504
7134
27737
7105
22028
14888
21463
26084
10047
13318
28362
8342
27530
18081
20508
21109
12938
14050
32473
7764
16352
28851
2497
20936
20825
25285
14073
3002
22279
29536
10254
14493
29970
14881
15187
18640
4896
10733
166
12722
12328
5955
24454
5742
3820
25615
13111
11774
2470
14627
17084
31928
23357
24267
12365
14755
24690
21994
18048
24452
13770
24334
17094
28686
27468
7333
14430
12477
26935
10466
25430
16933
31009
30366
22615
24577
10831
32577
5370
16373
31019
2480
13037
6652
3256
11905
22642
245
23709
20308
4020
28133
11362
17369
23658
14629
28614
19767
3699
11118
6470
1777
19334
14388
32017
23711
28490
27446
9038
2199
24931
10070
5594
6644
30905
2769
23101
7524
11641
16874
26780
22126
16683
8183
4580
3026
18227
28722
13831
7634
2721
17942
21761
14102
10189
1664
24498
17951
10064
7464
17507
9569
9128
18944
22161
18996
16537
28613
31342
20559
7237
23948
6406
7700
16341
24377
4452
19575
10910
9879
944
12618
6584
4367
19514
3184
3013
26829
15339
19100
18674
21398
681
31887
19917
8573
18520
24191
11877
18633
7857
28415
31871
21687
7054
17513
1375
24986
19597
21781
2583
29021
16599
4876
30249
14119
17142
28718
1375
10557
19547
30775
24586
3149
22818
20112
7442
9797
4878
581
18390
32034
14358
21277
21710
23189
13840
26900
29731
3234
30427
9436
2859
946
12177
30810
27071
14100
6509
10115
16088
7643
31644
22329
18552
5167
29587
16851
16490
10221
1445
538
19431
26463
25667
14037
26908
31980
21997
3271
17647
9227
32197
414
2495
17907
30047
4235
12529
32041
11939
7927
24
4547
367
31084
13908
10111
29982
10810
2660
28251
16506
7381
11566
13278
15576
20530
22776
16101
25009
19040
7498
32079
2160
3203
31756
24039
6434
7975
28757
4157
20474
16328
26390
25398
15647
9406
25141
2745
441
943
16100
4871
24782
32423
27776
20145
13485
12794
6704
26500
28377
17600
18434
26924
13302
15444
16361
3361
2286
13549
22495
17288
23226
9850
29259
12776
21810
26365
18970
4063
1802
29448
17675
16892
16181
24268
8412
24040
24535
8179
20575
12813
32237
7942
31390
23129
28905
2600
19607
32316
568
12864
27576
11140
8900
9411
2587
13085
31914
8756
901
2527
27182
20989
20532
15052
30694
29809
9651
31685
2478
22767
19928
12563
26144
27661
22092
20105
5951
9326
18827
23287
21431
10730
24645
13200
19045
31112
31641
21515
3452
2069
31044
10797
18203
20206
2751
2364
27540
5125
30217
29226
7370
16096
17602
7928
5404
23417
22259
16754
26422
26502
14652
10811
6757
31230
24914
18343
25083
9069
10545
28294
1268
8255
32167
16010
12122
24490
30089
26375
17750
5123
26075
8282
19451
13307
13041
20304
10621
18302
963
19260
11696
9719
27769
28974
30760
24181
19119
17722
8629
32755
3388
11269
411
1654
25437
827
8697
26977
24802
28312
26288
10387
2208
23944
25526
29505
3338
30767
21299
8615
3978
7843
10438
12918
5734
20879
12910
17556
19275
7191
16227
32478
11250
31052
15554
13549
26984
13705
3105
11263
10065
17996
15681
28091
6960
26030
21690
725
20308
431
9557
1305
11196
27956
11475
9503
9721
3122
27397
8812
16497
10961
19559
28665
30591
30195
545
15288
1280
19977
15391
10726
26978
17401
32306
15816
18674
18628
4413
25508
19933
26695
27185
21139
1347
4124
13357
19969
15984
25355
2223
13542
15615
14838
22106
7901
22660
26231
26911
26089
27019
27572
23413
3259
16106
17941
4608
13452
7585
19464
16079
7256
28654
9702
8828
20249
29358
30584
12679
30993
10949
297
7731
21960
667
5585
3174
19390
5076
6573
2128
28502
1638
6172
3134
6954
8092
380
17825
2639
30914
23465
5665
19231
28022
17291
8914
22490
17547
31428
13362
5606
2726
24019
29281
14245
1545
3487
30546
26403
21803
4809
23053
27737
15763
18374
21592
14811
15467
20323
16362
2949
21684
28698
3958
20421
10801
22239
2027
28737
25880
28120
10037
30749
23877
19989
5647
8864
18028
12923
14349
31447
14017
14594
3218
19656
8346
10983
20746
17410
28523
22811
941
4116
10351
2429
9462
9891
25935
29269
20562
16014
6211
29583
13207
5528
13505
6681
13033
2967
16201
25209
32182
16419
18670
14276
30091
11756
2915
11850
26400
2462
23219
13641
24071
26595
23123
15893
13923
27173
14197
9821
12958
18105
2949
10055
5702
28068
11691
19984
31390
18914
158
18650
881
21478
7692
25945
24
4557
16402
24957
14598
16168
27281
28567
22703
28546
9709
1096
2786
22651
25541
20089
30341
9279
28315
1106
19948
10982
28909
11320
21633
8820
22006
11382
27791
21400
18183
4821
19345
23603
24439
26824
13514
32285
12292
6378
12864
6438
14314
28767
1561
27167
30939
9464
29973
22480
10637
9791
16186
12956
9952
11770
8384
13420
19852
28931
5242
20085
17149
13399
475
25864
5482
27654
22263
10489
13931
22568
30382
13912
19347
7390
14186
18087
21166
8748
5072
22474
16520
3806
12950
1140
28069
7858
13724
15423
393
19510
2822
6100
27123
4251
16382
32589
24212
22165
24802
4119
14894
29866
31484
7649
6390
30076
4182
22553
16521
11004
7179
24223
4801
11103
20757
25586
27539
12020
14342
9399
12160
25945
5292
31434
20783
267
8933
14779
19721
30490
5495
26786
12311
20832
16293
16902
8195
28250
5519
28052
11811
23188
26616
30232
16469
6997
1485
4354
29705
28415
15672
7432
5451
935
4790
30336
2303
9928
15059
8938
25156
28698
3703
8482
4165
2545
9532
1638
7361
1951
26516
19062
32239
32355
28018
25665
14758
25135
25169
412
12888
16944
32061
22869
18942
20570
30657
25874
21688
26237
9706
16214
18938
3297
7139
11937
23144
10390
21760
2613
30132
26361
22186
21993
10063
16207
6787
4003
20775
28077
20370
4008
13971
32121
9475
25248
32746
14611
15425
7885
27628
15175
15142
27496
3021
27379
23418
12014
10349
2937
14204
20423
15946
15384
3632
12792
12640
10267
8970
26617
20675
24061
24806
20424
29583
23426
25396
23986
10489
14227
27678
15145
2674
8440
7474
27006
3164
12688
19667
14997
21865
1955
5929
14852
29311
10478
32170
18806
26395
7994
31928
11582
16117
1863
18184
2542
25129
1379
31904
17028
25715
4555
779
22501
24408
15509
13479
6834
26713
32050
773
3028
12699
21737
19574
10769
29376
4904
8737
28487
1684
6567
4963
26625
31996
11906
17548
5183
4546
24618
11372
24192
25115
19576
17558
26279
24443
19411
25929
26974
31123
30787
1795
18547
12979
17923
13033
11112
7296
9778
19296
29256
19949
21393
4731
30206
1172
9045
28657
29578
26847
20892
20661
3291
12289
26175
1088
10907
24881
5705
22864
15719
13068
7417
3306
27978
8343
18804
30328
16548
6877
6468
27146
32603
29837
31927
6999
5448
13849
30381
13721
28726
20876
7738
4773
4306
9499
11282
19589
13788
23861
20197
671
904
16815
8831
941
10538
16827
22134
27068
31158
19203
30053
7535
30581
4000
26057
14717
18196
31421
5813
19668
28503
13504
22144
20847
13342
14516
28151
10980
16487
3506
7614
29211
26469
20645
1238
21878
10116
24774
8272
4632
12680
25779
6584
8176
21449
13931
31728
19068
14957
25427
20679
9190
16247
4758
11671
16543
11696
30113
8237
8662
8063
18903
10375
30712
19274
14485
1550
27529
173
32468
20846
696
19209
7022
17664
26102
12230
14263
25681
22772
24684
11574
20048
16429
23674
19887
28654
3760
25048
2282
18586
27303
15809
20133
26141
9411
11041
14018
728
10033
13356
21154
23403
24894
8008
29466
25062
13923
24422
21703
26787
13079
31853
21813
25584
15660
32218
30353
22748
18417
17881
637
29895
139
6806
17927
21606
31123
20801
3287
26080
2623
22322
14734
18742
20941
21404
28605
8724
16885
21009
3227
27853
12369
30978
12733
1337
8210
19568
28774
27581
14386
32170
3542
31705
20723
13089
28897
3815
18830
12804
22607
26671
1886
11400
29484
19443
9328
21670
23646
9766
5824
2337
3526
10961
18034
30445
25819
18091
5422
31150
17910
12044
5805
8188
6417
28586
23260
21622
11612
29781
9789
29610
13143
3174
1860
5578
19946
24452
2958
9433
11283
10470
2698
27404
16428
31635
25501
31179
20035
19069
30303
24023
9775
30076
7893
13863
26314
12911
24190
31422
28954
14494
4357
7759
16491
16824
19472
18169
7840
9078
4722
32669
234
31409
226
21697
28149
15455
14193
27792
27007
28572
8493
24745
5460
606
27087
32385
17072
13922
4489
18833
27080
11793
13923
25423
28919
17131
22296
1220
10105
22713
25358
24483
16269
27093
30413
11080
23026
20452
31365
539
6140
24567
4790
4520
20183
13434
20131
24450
28262
30548
29413
20634
23925
26286
26821
5926
489
14652
22968
20813
31526
16811
24389
27636
21663
14990
29583
20176
7806
7008
4591
7997
22829
24731
23738
22893
8203
22101
29280
29271
11944
5258
5856
1862
12112
29739
30271
27552
26794
2807
32233
19351
7077
1252
24704
28637
2301
18480
6938
25308
28285
9274
27831
7044
31343
2493
31521
26460
32017
5657
29570
29548
28799
25475
25190
18012
8727
25497
16465
2682
27318
11898
14284
30184
30747
17596
8435
14716
15667
31538
27621
5762
19585
13813
829
19620
7450
24934
32084
4047
9945
17082
13465
13860
18950
26721
20296
25688
30489
18575
5971
32554
20540
16600
26554
28343
7736
3697
10772
2298
16473
20441
8998
13592
26783
14084
20436
3849
12713
4435
569
313
19541
25082
25141
22253
13341
18335
22653
905
12149
18514
5752
1769
32685
16063
23903
13359
3172
25358
14192
20911
30337
6147
22328
22546
5691
24721
25468
12042
25841
23141
23042
27036
12504
3203
18608
14591
30550
17908
27235
32399
29823
31134
30231
3944
10880
21194
15559
3631
5456
12071
25722
29245
12892
14031
14513
10981
21270
20447
18063
214
20993
20255
30229
15062
29988
24728
3328
8927
31458
5756
28472
1127
23687
5465
9172
7265
4642
32762
13644
4776
26994
29451
22025
29946
15653
28878
21644
7569
55
10360
5263
19615
17426
6386
6007
6909
4798
26616
24828
26358
25675
14759
26447
17410
9276
31267
26981
23876
7735
21491
17023
32692
11885
27317
3088
2765
6554
23069
24950
32545
20913
16196
11123
11981
6184
12856
10302
31626
30063
15017
19022
4449
26018
15666
6667
13955
30741
21946
27892
12809
11827
17149
6302
16412
26123
26493
27631
8599
28336
27281
29782
14394
26318
20234
23850
19004
20599
28199
3955
25442
6050
1661
19144
11048
30875
22900
8020
819
28881
30630
1024
18843
13884
20525
212
26679
2716
7120
24181
7227
15218
19431
21175
9127
29872
31319
4910
28584
12786
1242
14481
28863
23668
28243
11397
25182
16327
22340
15887
7823
5637
7389
10626
12690
1291
12389
19379
28870
25027
6007
5558
24319
9232
18576
5743
27689
28022
931
2616
28098
9895
29924
12661
16229
9483
30025
1627
28930
3338
5600
12155
23987
506
5636
3812
16155
29966
27140
18460
19131
12034
863
30581
17253
26853
28126
4461
22535
16415
13111
5470
21364
127
19322
13230
27842
16914
28312
8890
16293
7683
26562
25168
16953
13987
31373
5226
6441
6891
5303
10256
27992
20900
3230
4550
26850
27092
30377
27107
927
30305
32371
28192
9849
9561
6629
31915
19023
739
216
331
19207
2577
19697
25142
30200
5361
29696
31257
9431
32708
16649
20030
10310
13264
6275
14581
5357
21155
17607
3547
26625
21026
18183
7848
27937
16165
28241
23142
10841
3403
6861
30001
25723
26754
8555
15484
22805
12759
22826
12105
31758
17716
14394
31506
16467
28452
28675
11146
29877
3789
11664
18307
10827
20446
17339
10433
25023
18138
219
6473
21988
4307
16170
24240
23508
21397
13855
32350
30826
25869
27955
16382
28485
17543
19299
31987
3761
16965
10275
23660
28694
15383
270
5071
13829
25228
8272
8985
13834
22192
27773
25941
26448
9906
19711
12269
14595
22374
16959
24715
4767
14987
17833
20310
10596
28209
17274
14314
2952
24611
28436
10075
16961
24714
30476
30019
22034
19118
7088
11959
5638
9178
7988
2993
19014
11201
19231
30325
21723
1410
28943
26381
6048
15353
5609
3712
29499
31192
8640
21225
17151
30706
30790
30852
17171
23281
30242
12962
12920
23195
16711
8841
22647
17262
32711
13637
8805
7930
12769
17833
12622
9276
9684
10704
23439
13118
12492
19110
12353
26320
20736
20984
31470
27049
12582
20324
4293
2728
18560
17000
7258
16872
9942
22699
17810
32075
1391
24950
18747
1869
19778
31150
11301
9248
30455
7923
5033
26426
28450
24381
18985
30294
15286
26367
30810
30340
2105
5244
30064
30224
10291
13349
22215
2796
30603
27067
1057
2959
31350
14050
13724
4401
21759
18985
19901
783
5391
6723
29368
31512
13640
23361
6382
7473
13129
4425
18899
26845
15826
22811
10307
12752
28526
7111
30498
27844
28087
23122
6315
13654
8053
28881
12672
14996
27270
18136
29370
19850
25704
1575
21170
4097
31566
20352
9838
18085
23673
23601
18006
11569
7504
24671
20810
25416
32104
29298
3091
13003
5838
27813
11522
8866
4701
5422
12260
22634
22873
8186
23765
21386
16385
32329
17065
24546
22420
19376
2047
21314
9841
31517
10458
32483
26751
7702
21862
23263
11980
19026
3427
9577
16504
21555
17148
15087
28278
12966
21799
10106
17410
17447
11526
26838
5380
11508
31834
13170
32609
23435
21352
18692
7758
19163
19727
8612
16483
21804
24499
29332
9052
26420
19452
31465
13316
17509
492
8245
18712
21191
24103
9961
26485
29537
9788
29013
11893
16041
9832
5714
20321
10966
18518
10400
3618
14818
19426
8348
5782
30609
450
26276
19401
6002
26828
17778
521
13201
11177
1940
20420
19689
29738
11202
18384
16776
30676
14108
31728
13043
31678
2854
10020
7905
13103
21986
27032
11494
26033
7532
4144
14636
6568
18529
16533
8388
27780
16240
23296
5582
25975
28107
3178
10988
30851
1988
20426
17938
16569
24684
14171
11269
11504
26148
28523
19251
30013
8996
11603
8399
19900
24640
1072
5781
11498
5287
19207
27739
17264
15981
29163
16926
16731
31985
20980
4316
32342
7373
10053
28773
17167
32094
19832
4734
1255
22927
31887
20218
18771
4271
19361
598
8124
3354
5919
16771
16601
11977
13104
13531
3017
9359
10722
24268
5835
1736
31960
9565
8603
18136
2322
28757
25116
18467
4551
14687
21238
29495
13642
14994
12585
5090
18310
1135
2146
15623
15240
24084
8205
891
31606
7656
18096
6337
29495
20821
30552
30537
20731
4078
22169
21083
31537
9416
16264
31254
8227
23397
13811
5952
10935
27642
12911
3717
2955
30764
4840
13787
18872
20718
14165
17119
2354
2223
2459
2570
23052
24742
21623
16677
12695
29950
31286
2759
32164
21011
9681
8778
11118
19210
15143
31512
25407
31531
27950
17280
22145
16373
15001
19364
16778
9108
27184
12235
10429
16838
12216
24127
2132
13842
3307
25853
15527
8604
28995
1853
3451
7126
17384
3834
21868
1090
11677
4625
20568
6760
28405
5333
1833
6129
20184
2643
4976
24236
11352
3388
1860
14610
19920
16934
16916
9650
1877
11867
8402
23267
30737
1171
1242
26379
18886
2085
23543
8362
28752
16343
18047
11145
16407
18833
661
25957
18608
22152
14727
26240
15684
28932
22877
7562
17276
11566
20098
26028
15876
19256
21609
2033
18694
7882
15075
10725
15824
7132
4801
23239
30940
12943
11183
20366
32481
12032
1483
10380
26224
28075
30487
589
4969
13209
29406
23792
6382
10269
23907
20909
9571
32646
19168
15692
6673
26922
22397
1345
21753
13125
27410
8727
5424
9347
21302
19067
27429
10058
14868
22159
32690
10418
7169
2000
28342
17476
31703
11444
32290
6673
16135
12575
2437
24258
4188
2685
12914
14263
10347
23544
32303
25796
12629
18759
12840
9834
23441
6681
28398
21532
16252
8613
4382
28490
682
11654
9891
8893
13313
12712
4772
22556
5212
16175
12102
19005
11108
961
18076
21749
4273
1903
7244
7264
17703
19345
31725
18392
3845
14110
16006
13659
11513
11529
12177
11146
3746
6825
7151
12023
21185
20527
23607
10410
31812
5318
13306
20326
2130
25306
12897
28710
27323
32551
13625
22968
8737
23249
7259
22339
8316
9853
7125
14394
22389
31333
32525
27064
3921
18686
27869
15379
24875
17780
23677
6731
12218
95
3108
3458
5105
15130
28910
14835
28334
31845
11466
6427
10897
29129
28541
2260
31798
6119
31622
27391
14282
11126
20013
26658
5499
28442
18498
11472
23475
16682
2862
15201
21148
10269
32272
16085
22322
4259
15332
27686
32167
2718
22598
20641
9585
7818
20898
24790
19341
16088
20664
17779
22346
20995
13673
12798
5091
16846
20720
2686
4749
31554
4634
14907
10544
26333
3569
27405
27835
19709
17040
1815
15765
4510
27442
24541
30255
25365
32197
26555
1062
3266
11328
29990
10241
1776
25672
14841
15736
27621
11118
17956
5501
25367
33
15691
19606
11269
24474
966
6686
73
18594
12362
9047
29146
30585
22877
22456
2639
24394
21955
18133
11559
29034
23675
14169
25835
11647
24469
9891
24799
8283
27990
25373
10762
11793
2684
11923
24037
11477
23161
15754
146
1069
4519
1193
30597
24358
19333
23735
23293
28335
26089
12513
30893
23911
30885
23437
32197
24240
16095
18036
11778
31387
15971
5037
2962
30258
21876
12393
23676
28216
13361
31689
26353
1015
30097
9694
24686
29168
27301
2355
18630
4748
29854
26024
5925
8461
19984
13527
3593
28511
10041
10689
7621
15154
23946
25373
23862
19427
31612
27547
32069
1580
26182
2135
1431
8078
13396
28580
30058
2966
13178
3052
17125
6621
5450
4461
6695
29020
11878
32582
19129
27824
28732
16741
30058
29295
8976
31200
252
21524
9785
12881
2098
29344
10915
7437
3540
21696
30900
32218
12851
27967
3624
16949
23271
25779
17722
7059
6063
17058
26853
12061
2423
27132
30650
5393
9185
4902
8603
16130
26225
32080
23750
29973
4764
19007
32752
15201
7336
11345
14580
20496
15315
11641
3038
13311
25025
26170
28877
12782
17206
5667
1009
2107
1006
6344
20802
10417
7183
17877
13038
25183
1601
7787
2481
28551
20785
14776
27439
1224
12107
10496
14832
1135
2476
23886
19673
23912
14613
7784
28088
31626
25407
18805
32190
25150
32689
13838
14442
23565
17031
15553
27967
18544
27493
3692
29502
25365
10544
32301
8736
21051
23045
14720
8046
8561
22020
12532
16176
16702
29695
25606
14413
28460
8187
11332
2055
32215
6848
29866
22917
30578
4370
21108
19329
13723
23201
1602
24817
21392
13321
13812
19857
31055
26934
30732
23679
24672
24864
7930
22010
13330
12997
26336
3194
6384
24423
8314
23289
12238
647
14251
25740
18524
31198
1404
11701
26828
18853
15843
9860
9790
32156
23857
27250
26386
27465
14527
17127
25273
23301
5921
32494
20063
4185
7165
10137
28758
23171
8466
28846
31766
22178
22442
9849
14118
9961
31738
976
7022
9998
21240
25478
16798
22564
25061
30345
7689
14362
14043
28079
19705
27880
20546
16077
15876
15384
27222
20835
20140
13214
18618
21301
18047
31787
11061
26966
24058
25532
22302
9939
22711
8749
7713
18349
17519
14852
20781
9777
28490
14641
22905
23721
21963
23397
8912
9375
26565
11276
22099
1611
18245
28252
350
14848
8137
5935
17825
21336
23568
28706
2154
4400
25495
8991
638
14996
25382
21761
6635
11310
5480
15924
28277
18128
28819
28020
23191
16462
29298
7251
8765
5307
18047
26255
14012
21239
12136
11717
404
14785
29257
26969
29769
28710
16662
32399
1029
22160
23224
8323
11532
13181
27236
4647
12036
19460
4572
17262
3767
10109
32246
26419
15711
12342
23784
14058
27435
4302
7506
17017
12943
6383
6079
23167
12772
3562
9790
24643
22153
14285
27393
15932
23019
22265
24366
8703
30454
9462
3172
799
32624
10977
7327
9907
10504
28008
3140
14268
10447
10707
15876
31076
17374
17239
30136
8817
12373
18734
4373
14148
12025
27870
17612
17566
8184
27647
5375
25297
9934
19785
1668
9308
9362
23090
8173
27201
9000
1548
32585
2358
31148
9326
27034
6012
851
30208
19349
14444
29914
28342
25655
31277
8192
9421
30836
7249
12163
28370
31244
18533
10564
21002
14258
15180
6736
24092
20026
30495
1461
125
26371
24293
4116
30578
23276
27189
3646
23234
9331
23918
17516
10794
10935
1022
17937
24626
21763
22712
8067
23496
29173
6759
24681
6211
7344
30367
8962
21330
20252
3474
12474
20470
9775
2281
4500
24336
14354
21488
23684
19472
7250
1510
4546
6211
1421
4651
18826
28882
27107
3671
15742
25789
1249
30212
28966
25467
8381
30938
14463
5747
29236
13798
13472
9028
21407
28065
18980
29787
13668
7126
9263
25854
30872
8497
11317
32296
4918
6487
32685
24347
18796
9418
9363
30453
26102
16605
23013
30820
30737
16518
8861
25675
1504
6050
16040
17091
5579
20124
19732
27879
25592
16059
16867
6783
31851
27543
24468
22580
1213
28860
29504
1566
8412
11785
31137
1269
10145
10711
24945
17448
16297
12776
11501
31448
7866
7502
30779
27803
31065
23307
19199
13650
13823
18639
15723
10026
20491
32179
8880
19201
15430
20221
6915
28161
23908
16367
29529
8765
32413
4553
22489
21163
23060
9452
15656
26287
31938
2180
16762
32711
18023
8533
414
132
7743
28534
29648
23025
9019
22058
2689
1066
17235
31316
18422
21075
3203
1795
17761
537
4455
14825
31671
574
32166
1977
23648
404
20817
19708
2734
10579
24931
8160
1572
1671
30384
19215
27191
29198
12811
21646
13689
7395
15848
27428
11182
19281
6794
21411
801
26086
20759
10834
23058
20654
17263
1816
30479
3726
6461
12791
44
12899
25504
24441
28043
17197
25502
15692
16334
29469
27908
17039
27935
4143
13689
20092
5698
3685
32370
24123
10724
19175
32657
27063
3908
22236
16911
13116
22033
4795
28698
18950
30056
17613
11619
17297
19554
2964
16615
19853
19897
22632
8879
29189
8474
29895
22065
6297
27787
32639
5970
1435
16600
19245
24425
25954
25036
27179
17403
19040
19691
13796
15805
20629
2771
26040
30305
13256
25306
30275
11778
5032
20801
22035
8638
32705
14019
16656
26950
30761
14888
5206
15911
29103
7404
27149
29664
14750
6626
2628
16511
25002
21496
18979
3586
12874
2095
31426
28373
5566
283
31227
11534
18782
11646
30499
14498
16769
27077
19932
4205
16863
13642
7527
25595
11271
23884
31726
7808
13879
7681
25587
13286
4492
5068
21395
8387
22781
8442
21264
19779
14741
14231
31782
2942
656
29207
2216
14485
8321
9189
10159
24406
16870
12641
145
7797
14388
31637
22428
21091
18530
6884
23209
8163
26324
4412
15363
22713
1732
20293
1728
10850
19084
3670
14598
27853
3136
28575
7822
21345
3570
22525
19933
27136
14990
22963
12665
32022
10869
15370
15845
10094
30869
282
17780
18783
29211
32710
29259
30479
26065
15297
23780
29044
6507
17302
17613
15495
32291
31668
29938
13180
11311
23501
15409
14481
1385
22669
8879
22812
30741
8212
18256
25417
9448
32661
16473
29246
8390
15997
25532
12047
19764
87
11951
29812
22086
24292
7187
32121
31098
5427
31003
23035
31937
25504
9326
16298
9705
14326
9818
27783
7331
15282
23449
25490
3298
21501
6594
6078
12756
28173
19158
6346
29291
7531
1865
24876
30249
8094
2727
19400
14418
31589
9816
8252
16383
25235
13344
11063
23194
13666
30208
9393
29267
30029
31711
21174
32382
4073
9974
22259
30728
29698
21621
12128
13103
13350
25026
410
28957
19190
12297
3313
24286
22534
29568
10428
22509
19776
25587
8246
3975
31546
26002
27574
26623
21650
26971
3778
1389
14952
28213
25902
20569
20677
24653
32284
6857
17508
16867
268
11730
27135
11580
6554
20007
11843
1677
14109
20576
7824
5313
4077
18410
4234
31566
799
23274
18418
18749
27401
21583
5140
21404
20875
30044
14728
24309
13388
94
9200
21987
8820
29895
10199
7774
26175
25341
5465
21855
30657
32652
26930
30281
18482
1724
8227
19694
31094
30594
15041
19868
24775
27266
11157
305
13579
7671
603
3737
3464
596
32295
5312
21082
13300
23288
30760
25460
13765
24533
10369
27534
24946
21705
14172
29371
31218
11549
14726
14044
457
14728
699
12046
19935
549
9132
8450
5387
30694
29146
23350
7244
4678
19139
31900
6201
24999
19683
355
3959
23586
31772
9555
17662
26848
20093
28175
474
10967
20456
11975
27240
2938
29171
29908
4982
27560
19756
3355
10731
24676
20851
7076
8022
301
30755
28663
17981
7835
4598
32442
22807
14226
28537
10882
3525
28817
26263
8633
27224
16408
12668
2855
2054
10424
3785
25797
26606
10248
6878
32489
23620
29199
30128
20712
23662
14143
16201
27609
3123
7554
4462
4955
13976
20413
536
13769
28781
10110
4461
22543
21754
23767
7322
6904
17996
31501
19780
15821
31338
4274
19545
21695
14516
12644
6294
28458
25475
12151
18618
13038
7934
3355
29294
31428
21980
26421
1050
4685
11288
31607
13866
2025
24029
17038
21477
9535
15676
5637
153
8317
1391
1662
19812
20333
8576
26327
25055
18693
31186
2674
9362
13991
4917
2211
24002
10054
10639
31461
3694
21945
1892
15302
28072
25253
22585
14140
2187
6557
18491
28282
650
7397
11302
27267
20771
8735
19895
5504
27942
18833
27316
4859
31774
1692
26864
29978
15848
31089
538
5995
12639
19352
19620
4887
12677
30318
11828
27353
24317
2310
2272
11740
16184
1108
20770
18062
8862
8208
18323
11884
26473
9237
13237
21020
1094
6491
28164
20074
582
31558
1730
6411
17505
29629
22483
4867
7476
1619
22569
263
21934
28393
3061
27922
10864
4310
13468
5736
5024
11933
11692
19839
3341
11577
12093
14730
29434
9482
25022
24192
18598
643
2589
20182
12273
25272
27725
31689
23768
15833
16569
28799
20478
8418
18947
7460
8864
12938
32574
246
26835
13432
29835
15378
6324
20410
17978
13145
8159
31933
31057
1531
27322
15305
15386
28761
24567
20700
21053
9887
14031
11785
1453
23453
30063
4172
29811
998
13579
27637
23486
31144
7401
8789
27745
17790
16784
1920
25503
19345
13693
11357
12241
28130
21139
25051
15690
17660
6927
22771
18602
8493
21422
143
17907
29600
30952
11215
813
27759
4229
25730
9950
9790
8646
30102
26369
26720
11038
30756
3706
23722
4820
2747
19427
12794
5791
16854
14350
27071
29632
3385
10764
14000
21814
24143
7906
14578
4261
13586
12922
26954
20494
16591
1095
2525
30523
20301
22964
27483
18605
5008
14436
26544
17743
3672
17923
11890
1021
15542
16685
15425
9110
6002
16634
15036
7476
8655
9898
24282
4169
19658
20118
17011
1317
10790
7486
19914
31108
3622
19698
509
20347
10940
28999
6037
15739
10560
15975
27946
8267
11611
21150
9953
28587
29082
218
24058
32211
10122
9341
27065
7479
10701
1923
20426
5591
14783
4592
26381
19167
14866
7500
14010
12341
16819
25990
27192
528
26382
16177
9381
23627
4531
3693
30643
13632
18631
28283
26849
14907
15526
17743
6928
21499
22235
14137
2911
7754
1705
20671
31260
11945
13155
5565
468
20976
22594
13353
23760
32286
14898
19547
20158
24227
2106
2369
12619
20146
2042
30721
28061
825
19694
17371
15706
8475
30685
25747
25140
16559
22068
23801
31628
5314
18093
14860
21640
8855
10502
30554
7167
14019
4643
25998
11620
30539
5979
6158
16519
27928
20584
16027
5311
32141
6720
883
18414
5533
21758
30172
32651
10066
21477
6154
8671
9506
26223
16587
16438
25436
9670
12108
2683
11373
29480
8630
29725
22511
4559
22714
30160
31236
20283
4692
6478
10870
487
1933
3052
30124
9890
14501
838
8580
10733
4709
355
21878
10256
27829
26751
27889
9748
19039
6007
31955
11876
6463
10497
10301
3716
31546
525
26312
3796
20288
21117
18639
30660
26477
23873
21035
20689
14161
431
31501
6674
21924
11563
3770
19447
8274
8977
6206
16298
23083
1186
31534
21864
27394
5024
10632
6883
7621
19664
2318
1699
6927
5868
15519
20546
20491
1758
5381
31798
11404
21661
9183
24085
16654
22074
22046
9388
21745
11766
6291
272
25908
8347
4390
6501
4017
26210
8773
30748
11688
32548
140
18452
1964
6560
12304
32375
18574
1582
10570
21657
868
14355
28747
208
20806
20379
585
12584
16062
13439
20986
6230
7251
8141
21867
10444
12328
8398
3756
21282
7556
24639
1821
17446
3526
19098
16488
24590
22555
8196
27089
26495
16749
20753
8618
7044
7132
28247
10597
14668
3078
18530
3875
11515
2940
28060
7612
5725
25975
4268
2212
8260
15943
17164
20617
30426
5269
25774
9782
13326
6332
22007
3714
4157
1991
15014
7947
29915
2203
7644
1209
16290
10690
18449
23393
8274
27027
14830
21186
879
7983
22914
29785
9732
23172
12914
26074
28381
14710
28823
27364
10299
5238
24412
22605
23126
17231
7856
11194
22275
7592
5550
12096
28937
30107
13493
6892
18136
32232
24749
27982
14509
12464
27703
11463
24567
16565
26095
15246
3432
28653
32719
27946
20506
9928
26911
23685
5106
8512
28303
8277
324
11406
31379
3897
22609
26892
18316
23086
2512
6302
13457
9951
26021
6853
12666
2524
11401
31990
13834
13103
8404
27284
24126
22754
1321
8198
27097
1829
778
1999
311
23203
26258
27765
3958
29699
30574
19868
15185
8292
18889
5719
30646
5301
15092
8323
26331
2612
15363
26069
10147
5343
13090
26858
11119
2014
8780
30573
7492
31137
237
30111
30929
22176
18057
2072
16937
30985
12048
20813
30111
9575
7387
4099
31118
29299
10438
28718
15480
13795
18921
10845
29566
15883
13515
8046
32733
10013
31702
11022
16411
2428
3211
14312
25969
23257
15378
8053
27168
17163
12760
3539
18813
22275
28134
13752
10512
30485
22105
25042
5385
5340
30963
1678
2515
28099
9717
28130
17806
19773
7412
24346
30839
1375
26376
32392
14729
6278
9181
17408
12282
7653
9806
16161
22416
27990
3542
16335
32629
8164
31681
11828
27210
30485
7340
22360
21600
23926
14878
29656
5437
8779
17178
8395
27812
4217
29043
22769
28918
15299
2257
16959
29703
23576
17195
14719
28617
16891
23566
26233
25991
31545
29301
8911
14970
32093
6443
8062
14206
23208
4026
1541
17905
10355
25050
23985
2225
27343
6647
9282
26815
30039
10623
471
14218
9624
1238
22704
21628
11022
13562
27252
22564
27870
16490
17812
19726
13491
19120
24974
25424
16908
24101
21633
11890
17141
17638
2139
8305
12776
29875
4027
4946
10896
29544
25813
20309
21236
19704
5862
10922
29159
27330
23055
16426
26740
4006
14192
320
17348
1228
1939
8128
26524
5975
2167
25570
15258
8310
5213
23179
26521
13611
3498
32640
19425
29547
23072
31708
11628
5989
28535
19716
21785
21467
31079
9997
18518
957
15307
19970
190
6094
31706
26814
28749
4356
3157
13944
979
6772
21348
29965
17913
1997
23553
11677
9034
13488
3450
16252
269
16261
16478
26059
485
334
28046
22737
18193
13839
17709
28049
19760
27182
27259
10372
18817
23016
25536
9018
12401
20593
12283
8230
20961
21786
8397
23547
15401
21213
3161
13236
32455
13834
21870
2614
11770
26649
31400
13515
14257
16851
31131
26400
31741
2133
18203
1691
5744
1982
9597
7598
25032
32214
9280
19714
10804
30867
2324
29319
7174
25603
16613
6790
16652
8270
13974
16956
1496
26342
8007
21
32685
2249
28832
31031
21186
7739
28480
14940
5606
13608
25741
26446
3154
14460
23312
4455
10941
2557
24731
16783
23116
22661
3115
31274
15594
28799
28378
25980
416
9462
10127
12020
25933
9880
5299
28143
26600
31401
28240
6553
4539
32591
28356
9051
14998
27168
11711
30781
28091
13718
10371
4449
2804
13629
343
20451
20049
9432
12777
25797
2804
24570
11998
26177
15855
17189
7968
32234
13763
16722
25219
1563
25747
22847
7021
25167
7940
18805
9734
11872
4039
8178
16857
32023
7794
12330
4102
28715
20652
29621
28107
8488
14095
8705
28237
19243
15092
9066
6107
14939
9458
25635
32647
3485
31565
20367
8184
30186
13998
22993
32213
25220
10652
8693
21652
30173
16646
7870
10723
8450
4170
12015
12974
3849
29016
11029
18443
14354
29319
20428
2585
694
9894
8918
23612
21264
1955
27064
27274
16884
6186
11746
28903
16925
30187
26550
4279
21230
27962
326
32084
3124
577
2901
18758
27235
19921
17986
14202
26961
14776
29637
6752
11598
11543
17082
21174
23455
20563
8413
25631
10155
32284
12637
2669
28963
8845
20473
19884
31978
8257
16769
30967
2731
3283
27582
25337
10073
25849
29045
2151
12890
31207
28462
13827
7736
32751
28983
10147
3035
14699
31560
32479
27858
20410
25348
5575
13767
11648
20262
2856
29265
18254
30118
18284
5932
20
28396
4603
8232
22185
15115
10906
20832
887
17397
5865
12427
2067
4379
11736
26231
19772
16248
818
31280
13267
10198
29928
11038
28121
8845
17311
10703
31958
1730
26090
10695
29613
5991
13066
16637
19955
8693
29837
5481
30741
31036
14123
25809
30455
18071
23438
11330
2323
12681
22549
10718
7675
265
22226
30099
9746
31360
32422
6398
32467
10333
31974
2476
20287
1415
24129
8800
22582
17553
30742
27295
4143
26667
18281
19623
15852
26621
11064
13532
3845
2811
20490
29632
20864
26028
24287
23448
24396
19652
10639
20274
25291
30325
8250
4785
3011
32286
7694
9573
5675
18178
12254
9774
8872
21606
31573
31277
6841
32631
16870
30978
5136
23093
23042
2296
6919
3894
26445
7765
15133
27256
26669
11132
21587
24485
32335
31388
28461
12684
18951
32254
10827
6459
20969
17100
31033
19667
8167
28018
23183
12807
20667
24321
14131
31238
28286
6327
7753
8412
27661
27391
31571
15259
14235
6879
4762
31993
32422
11500
2244
28566
25065
24338
24300
12090
8487
32292
6772
27625
31856
8072
28676
7189
5829
25084
27919
21693
11892
30492
20769
13712
15101
19718
10071
27922
11377
7329
15617
32033
426
21688
14686
16084
7600
16657
20406
7568
13011
23862
15072
16473
4555
27188
10234
1370
14688
16555
10730
23430
18738
22953
4999
18307
16777
15381
7313
2458
10462
5262
25511
25130
25847
2012
27307
22653
10406
30237
23431
12323
25760
27977
16186
4156
29146
521
4133
2665
26793
31570
15553
17398
30788
32176
23566
2795
17268
5462
28647
8997
13395
1992
19342
8786
32763
32147
5410
24990
10276
23173
7711
7091
16156
15421
25739
11960
20097
11297
12858
19122
12374
6938
3212
28176
24671
12318
16403
14847
7355
21357
9679
30067
16559
1252
3004
6888
21727
23556
25634
17455
24491
23087
22502
30323
31956
1678
18085
24987
9869
14940
6447
11681
16940
5950
25390
21131
27128
7860
25625
17859
1262
12936
3682
11227
23030
19866
25386
30272
22180
13028
19743
3467
23905
5402
658
20624
31161
13864
30392
10620
29341
28437
2848
6195
21898
32106
6932
25933
30496
31903
8046
11543
22277
10616
21064
9567
22481
21609
22074
2394
8310
13216
7821
3611
22268
26534
6637
32671
2356
20445
2397
14727
29472
31175
28078
10281
3089
4137
6690
15920
5724
29572
23290
10966
26498
13414
23557
14774
13952
16788
4789
30450
17809
27989
620
424
20736
29771
21109
28103
15448
12500
9763
1669
803
10267
671
32661
16000
18175
18157
30244
29651
3844
27844
5014
4990
16847
6297
14727
5068
11151
11166
9910
3797
9444
13411
21303
19953
17785
1638
25736
22043
19165
21081
18738
4361
7210
4396
14571
25900
26537
7536
25586
4958
9147
7458
6780
3614
6338
28530
11709
32194
21620
19576
30367
22579
20055
3723
20362
30711
19725
15226
11696
12189
23711
7105
32641
4240
11649
30171
12215
18799
22752
21963
8417
17620
25645
28022
769
22321
26218
31511
30446
9650
21816
19013
28291
17671
23948
8941
21533
15820
10181
9172
2756
17379
2451
32547
30368
26183
1895
30989
25174
4743
14887
23687
3701
30309
9531
9078
26379
27077
24201
10114
31372
30333
18394
4017
32522
9985
29928
31126
12591
385
12645
25236
12098
23829
19465
30708
21599
24411
21915
19872
18550
9854
3759
6238
4356
2781
32078
27592
8149
14442
23542
12226
19429
15756
10984
1561
9755
32018
11601
26657
23869
7204
10271
5809
14185
23287
8777
13884
5384
4508
19022
7618
1251
18119
8117
30223
16403
25698
3863
28187
15392
15039
7895
14617
12714
25094
23935
5673
2967
32435
1665
12012
17786
2757
9825
4991
22441
32587
27568
31319
6557
32202
4041
11000
2127
23741
23664
26017
513
6335
14516
19024
23722
20591
3134
21898
1000
6740
24386
25169
12812
4087
454
31034
5734
23029
1615
30714
6847
5747
13029
17874
29246
25974
6118
17486
25606
753
10169
17110
4643
1233
28917
3619
11268
3670
32235
1483
9736
22478
16648
17436
16102
24798
26948
30279
4336
15999
21697
8583
10349
18708
13944
30758
579
10718
26998
25404
14521
10988
16272
25568
20694
3592
3527
12661
2610
29280
20744
29137
16476
25932
11885
13939
27822
29896
6492
4263
3084
26756
6953
9562
11718
24733
20185
29357
3849
20265
4513
19092
16488
14313
18658
14465
427
4105
24410
21690
5770
14284
16569
25705
4461
22252
21422
30567
13349
27337
6468
14636
21639
17362
10307
4822
16956
32396
30661
1657
12321
24390
13911
31306
21103
28857
3055
22322
14287
25079
18031
15583
6325
21145
14386
2059
26910
7474
14914
12027
15498
12056
6482
31199
5087
10234
20901
15400
14291
14180
24923
12009
15994
25131
4238
3426
9937
24199
19872
6532
20326
23437
14052
6377
968
26684
9226
24731
26415
13370
28933
9344
29321
224
14300
23704
10478
16793
11990
7056
30488
9930
21367
14361
23229
5047
13017
28848
13098
11313
29269
17305
27508
19743
3890
7111
4568
8373
7278
27030
20513
19190
16790
1873
9602
31459
22755
4871
26431
21640
12911
5858
24558
13104
3067
30199
16199
5234
28748
8117
8796
30092
15408
20283
16070
27742
968
15740
31720
31066
23923
26203
16731
18657
13552
10336
15770
14806
3918
9763
18418
19111
27745
182
5443
9522
18053
32431
30466
2362
23124
1314
2296
32511
9308
31485
13162
1025
32670
2168
20731
2602
32589
4248
16380
11983
14634
15777
20493
16065
7112
21082
6662
24958
19771
23812
2597
14718
29788
13721
4982
10164
4746
31228
27951
19513
23839
30955
8135
6531
8
1754
24072
18330
31406
11235
29341
20445
13948
15781
16115
30658
11653
10158
6532
10547
31224
20774
20295
5945
25569
20090
14851
23747
26987
9552
14455
5484
23693
8297
24382
8762
13195
5261
30718
25541
8971
14932
15399
11823
2210
24592
8722
30678
2933
26391
8566
5747
17954
26882
14028
23849
9681
13929
8066
1972
20843
2816
17096
20546
8905
27939
22854
26533
24277
1423
2497
2933
11874
24169
21602
8450
18101
19963
22170
30763
7729
13698
27902
25368
15256
11385
966
12540
6833
26558
5755
10506
28152
6323
3678
17775
13297
12530
12854
17879
24186
12291
32689
28792
13890
26521
13021
23047
30570
24312
23156
16091
17689
8745
24910
14902
4362
29462
17170
2020
7511
16906
13911
22904
24369
13675
16085
3653
24994
13930
15568
19378
32618
26039
8951
24823
1221
29377
14159
17247
23585
24540
7977
13435
30364
8337
24830
19563
25268
15253
24226
12085
14991
13982
5304
22177
9550
18314
14900
11460
20107
28627
17263
5403
11352
27847
15917
4453
15369
6204
14448
8204
25212
11135
26027
20006
23829
22000
26219
12733
8212
9330
14263
28431
31638
24751
26663
15775
19649
5351
600
7384
306
32045
3229
29409
20746
2667
19739
25917
9323
21543
25866
12565
4383
20773
12029
4391
30280
10476
14721
8457
26171
7545
19022
2150
23283
16754
7058
17080
2959
23855
26909
28825
31832
5733
16138
23760
13620
18975
25883
31090
256
22062
22059
28306
6800
23457
438
15149
6400
9701
23196
15180
22462
5799
27846
2148
623
15119
21613
20292
1028
5339
31847
9735
9929
21588
12003
29200
17818
19197
29350
26559
14531
29800
25839
8502
32198
4186
24471
15870
9412
14028
8123
26077
1905
31130
1298
19329
7833
3173
8181
2601
13706
3440
24991
16993
1277
9426
28157
1618
1614
16528
13738
22913
17537
31107
30474
5628
16120
31275
16046
20968
4862
26751
23643
7964
18852
11189
27225
22942
8296
17638
12211
8551
401
24391
5653
13666
19920
5568
32092
17214
25729
4084
31441
21488
26068
24689
8345
27064
7028
27835
20260
5331
23036
3145
1199
18471
19768
30093
32439
26726
25021
22252
3191
25823
19850
18647
22029
7635
31326
25142
1727
12492
29029
5493
11999
3857
31317
14847
3002
788
12023
26741
8761
26598
20070
16302
12343
15196
24103
6779
24682
31315
21187
27484
27242
26034
18515
23228
13230
7511
25686
23342
18985
14912
1924
32621
9092
11472
19506
15381
15660
27149
7597
20891
23612
7712
19739
19225
23816
5709
27387
22693
12528
20790
27886
4776
2391
17783
30448
24761
30236
23609
1904
31437
21942
140
22902
15942
29044
9012
9741
20959
27179
29412
13279
24097
21462
16079
1649
11036
13794
16154
15596
31405
14917
24211
28101
19710
5715
3602
14519
28292
21371
24011
20851
12610
8865
21101
24332
28097
29081
1606
26274
26458
17272
16666
22835
23585
14627
18902
19166
28872
8357
2280
21794
5294
25684
26197
28168
14690
28788
8363
19584
6463
11167
30269
5506
13941
30895
4587
25985
12334
15227
9342
18038
21001
8834
9344
24713
12393
26189
7663
40
31830
1945
28040
19090
600
10355
1924
13741
11589
24467
2658
4248
7868
19796
7949
20060
30176
17140
4975
28254
4486
6748
8718
19626
14100
29043
18204
20461
18695
14953
6773
31804
18140
26891
18436
13644
25395
11878
13672
12365
17479
22181
10280
24125
10327
19340
6848
5940
10084
2268
2405
3458
6368
20677
21594
30816
10460
12397
13603
13931
22134
18961
3048
7316
14351
3887
22588
24156
8930
25457
16577
28726
11005
31559
6225
18647
28425
24619
11318
26582
19251
27983
18875
12586
21073
29203
7041
27331
14940
28651
11553
11876
6902
29436
22788
32688
3677
10683
10876
28124
22562
8891
15683
28950
30716
27060
8599
16953
30042
5812
8224
7790
20067
31913
31740
31262
29405
152
17080
1883
2794
32463
31522
31975
12875
11022
24933
15630
31420
24740
3168
22905
29010
23252
18567
8120
4774
4154
9410
24016
13592
27004
26947
2564
28638
19492
22705
8359
10018
16866
5840
4871
31347
27996
26284
20295
1647
18260
18902
18398
11990
5421
29803
30682
19970
26795
32484
5314
12198
13301
30507
20544
18281
31931
6613
3719
3277
803
13412
5956
18002
790
8954
12936
26730
27968
29936
13238
610
32134
15461
12858
22173
12352
16622
8786
28354
28642
31104
13795
20465
6085
18238
18370
7991
31496
5087
12685
16712
25195
17856
2132
10219
3590
24882
7560
13979
30495
18712
19942
9923
3470
4696
26183
19241
23880
6677
9122
17279
32705
2248
19996
32364
8332
26790
2025
10479
11681
14339
26659
6794
30045
2436
19573
1840
25475
9946
30179
32758
17406
4874
18
15219
15981
13948
25182
11981
6260
1023
11715
4794
29656
1337
27774
28464
1904
31286
2720
11799
28420
4686
9464
23690
13938
23192
2920
32662
31115
9011
4457
20035
3840
27174
32519
31767
21109
32188
3813
1821
676
32440
12256
24697
28055
19616
24400
22802
9918
472
12808
27514
10720
11908
19371
22157
23757
12318
15907
28124
20311
20417
20471
22098
17972
19795
23150
19779
6809
1020
18749
9267
19551
10348
31097
17532
6129
24663
30570
8109
20741
26215
24799
29580
28202
2857
23610
29948
17266
10150
30467
25712
18796
8240
11009
13404
22007
2326
32548
30135
7973
16553
1003
3668
1613
18594
3556
32271
24387
26995
2204
29389
28672
32516
16887
7342
20556
25782
11562
10538
12312
24906
12943
5978
31781
3610
25215
13761
28077
30107
21614
15502
30924
21252
4134
8838
21039
2315
27641
16087
5440
1863
8615
6842
893
639
29821
21864
17441
30195
17405
4409
32372
24751
20216
5283
32207
4761
22927
12974
9885
4427
11192
32373
16704
31991
17323
2137
8120
6340
31825
8956
2369
19396
10685
13250
21781
4610
20890
30362
28795
20416
32467
28829
10736
24258
28151
20683
28946
6812
15130
24415
4739
3297
23016
18783
23700
1325
5450
27282
30410
2482
9375
19064
6098
28036
4276
6079
18031
12949
11449
22002
12294
8655
15185
21021
20026
17330
25537
18929
29904
11226
15889
30761
27701
27146
8848
24030
1589
6801
28958
12893
16510
11135
19933
17190
14361
18625
29506
24812
11697
25567
51
30998
7735
1043
15798
3809
3144
29916
7628
17080
6310
23994
30574
7988
31111
4544
13952
15419
17450
389
20071
12344
26410
26203
26899
8482
15613
1833
19195
30157
7720
14671
28796
19334
20902
3286
4158
7038
22326
13720
12933
18165
30940
12575
27898
17705
24781
11882
29218
28163
13084
14923
279
2802
14948
14162
6268
15608
2752
32404
1238
16968
15095
23046
21702
21164
14924
25607
10013
22557
30298
22282
24354
4647
19031
7379
11301
11335
1983
2269
20873
5221
14569
18700
8123
12357
16893
30600
15687
12757
29248
13677
22005
3472
18775
10921
29886
10745
3067
22898
5273
10596
13688
14695
19885
4982
3327
24474
10763
32740
17759
22515
7791
3982
32538
4282
2818
24041
9312
19341
10530
18841
16459
23202
1738
25572
10593
7530
29913
4723
24629
3975
10936
23868
17157
13477
30613
22362
21910
21928
360
7029
17042
860
21734
8200
8586
14183
3265
18909
6980
7254
20086
12732
16887
18603
2776
20946
13520
12453
10257
12369
25364
22407
32451
18167
17331
3378
31869
8993
11724
10491
9054
16374
13651
27655
3078
24492
26312
32638
30209
7571
7506
11837
15195
29441
10461
3481
10716
12058
32181
1876
3740
9174
4068
27513
23802
17595
17246
18175
13722
17863
26230
27996
23870
25473
14405
20076
6661
10075
27269
2692
7122
27911
22193
15577
5801
28556
17817
2142
23720
14737
21685
19105
29447
14573
7532
13363
32347
1512
14455
21027
4590
29185
20800
17057
22533
29361
21519
13496
28351
27332
11276
20709
26445
24795
14995
10593
21915
24874
17582
3666
12835
7267
2148
9063
25169
3178
23631
1600
8911
571
27563
25491
4383
17908
24199
7062
6355
8494
32096
31217
13495
1914
9037
7116
10458
20947
29129
3867
23597
30882
20884
28447
30111
23845
20624
10851
23706
16788
29684
23244
15611
15429
20648
3805
28517
12565
11794
1325
5952
32551
15225
26371
25914
19680
17614
10489
20244
22402
3363
17135
8747
10451
2652
5885
18001
18177
32712
5484
26122
10646
27015
31883
9507
64
9813
3205
4884
13482
24851
32565
31481
9484
2309
16811
10794
30215
14966
3481
25915
27713
24075
10576
23787
25635
29456
2068
16596
7027
4863
1898
25524
32335
28683
3903
12796
21318
21341
4297
26739
7340
11437
31158
32188
269
4541
30629
1915
4157
21938
5934
15870
4528
30590
2606
24016
1180
29367
10567
13255
3863
14979
4774
13364
29834
9648
30976
31347
13384
753
32302
27128
20877
10598
30852
23425
27788
4872
3196
124
12624
21827
270
11569
10914
4098
32315
26245
30279
29308
6355
12693
13246
28378
9628
3931
2021
14502
26107
9979
15569
27332
8970
20334
7662
31796
23603
25624
18499
24345
819
19477
5183
31911
16737
27308
9631
15131
22397
18948
32169
8769
7160
26039
29656
12222
26014
14191
5598
32182
24276
13525
427
4274
8939
4375
8185
10110
20892
29475
28166
1800
16766
27196
22882
28559
17336
13134
881
3741
17375
8155
677
25599
18007
24034
17298
8406
30093
28358
473
4362
11414
9194
31043
24952
14760
29167
11651
18375
7678
17772
32280
3760
14640
10526
12065
30434
16120
12616
24463
921
15324
7405
25963
14499
21552
19956
21465
578
19343
18687
2615
25538
13371
31863
24319
21872
18936
22162
4153
24362
25539
3158
8356
23167
21324
11578
12834
25294
14726
27005
13047
3922
26338
8374
25144
15883
15754
964
24147
16107
18132
26726
18240
4434
19120
32208
21151
20997
21909
14914
18611
1797
5125
31985
2047
30150
2932
13662
18419
13542
21990
2881
21657
32393
31844
28731
27178
21737
15657
29044
27532
25866
22218
9202
25942
10369
23518
1133
16928
20796
4540
652
4272
25310
18162
14387
15583
26387
10793
9782
24613
6021
14262
15692
17198
25696
4653
26647
15803
24059
4891
24641
29309
26268
29319
3369
18490
19421
15379
26384
22254
9351
2228
22183
12218
20101
30072
26411
12747
18070
18959
32702
22415
15242
28721
3594
11400
494
6430
12163
4275
21894
30468
18380
22377
11045
32532
11909
334
14399
15475
18703
19179
18078
3928
9186
9964
11408
31612
21017
19162
23117
23152
1270
25825
20625
14283
20487
31200
32538
26612
20485
3344
12415
18740
5142
9478
25923
15240
13787
14314
26239
31641
