18245
12666
27630
10060
10587
10936
20271
31431
7015
18959
23299
30286
1078
281
19553
26404
5815
14068
25097
12661
15879
3633
20622
27892
20535
2218
19819
2556
27076
16955
25423
18955
29328
22014
24874
32703
17686
2025
5197
7299
10916
13549
8224
5477
3276
13664
13113
26802
15469
8013
8844
22562
19922
14382
29193
4705
8287
30808
29466
14126
24377
14476
4967
13774
13052
27313
21849
18758
3606
30582
29193
11903
29735
15738
9382
28804
358
15014
21659
31417
4319
25430
22870
11159
30498
19558
10376
9236
20873
5577
30265
31200
11593
26742
11354
14317
21214
30476
24077
11731
14876
4722
3007
27271
12841
12961
21418
11855
18915
25040
20789
22279
21224
12771
2595
7278
7914
29347
8601
18596
29864
27534
14245
3690
3182
31323
28650
14271
2094
27211
3122
14518
13690
22010
9839
7352
26040
20680
8955
11029
12450
26040
17151
4127
27440
21647
20468
12860
706
21612
9690
7758
16269
30873
12926
3422
15845
16192
10042
4845
26139
20584
5740
5608
16250
23232
29938
3776
16745
13480
28982
9283
24095
27830
13546
4970
32685
28825
11432
3172
5799
4694
19422
19050
17430
32765
19212
10970
11031
17454
12041
18077
32486
9426
21797
24679
30147
4544
7108
1394
30961
13024
597
28914
20869
7733
6042
27064
32362
670
7526
14229
26040
21308
14672
20856
11494
11936
6027
20726
11675
347
15
22745
10146
11895
2144
14101
12152
20424
31857
2240
2373
20689
32411
26691
28371
19321
13668
16338
28981
22537
6293
8188
31030
2862
11528
12603
29113
28941
17101
4399
22643
10315
26219
2445
9545
18627
23393
17284
22014
8048
30810
26256
24851
7100
27180
16469
17683
5599
29052
29380
16407
5356
9572
6626
6015
28442
29151
24803
21546
9420
6657
4509
31642
10102
3107
28374
28897
31632
3883
17418
23666
5730
200
8342
27636
28381
24157
17220
32302
3530
11309
5214
8709
18953
19869
23118
5234
30963
20972
3705
15618
18211
29426
3319
17595
7323
22952
13753
18019
26881
8702
11129
24834
25555
4484
27356
8870
569
24177
23220
901
9918
12329
15277
17096
20104
30746
6343
27972
20602
31345
29496
32266
8558
9749
7874
2929
8434
10704
28742
13492
6503
23481
7039
18584
15048
22514
4435
19060
21954
30694
2222
16904
7844
25524
5266
10682
31874
10186
20586
3701
32315
6117
3542
19789
26362
32652
9364
18447
25952
28000
27939
12223
27927
10588
24613
32571
24138
2735
24545
15799
15234
24725
18466
17115
785
16970
22664
5226
2699
17342
5341
84
1385
4256
13887
2454
20757
24257
11656
4910
23838
31387
3439
17092
29752
31059
18493
11111
14496
18011
685
10513
12909
25214
18976
6231
25253
24884
21351
9696
350
6218
3387
10788
907
24121
11158
22524
11008
24900
14671
25084
18122
13663
21418
12644
5373
20107
7839
4485
31687
15693
2336
1814
23070
17628
16718
21933
15899
1223
1970
27323
20052
5090
2021
17142
30300
1835
5393
5238
4497
15690
16107
31827
611
22507
17108
19212
2025
26121
3736
4955
25727
11276
11655
12138
19938
21747
811
25654
3719
12307
18907
25582
5928
13036
31766
31285
8587
3249
23642
9103
1385
29629
17468
15771
30446
3455
4181
14912
28453
28187
17543
11022
27922
18127
18869
20007
513
3232
21711
32160
31554
17120
13673
21639
14528
14495
28230
16664
28433
30384
10616
11906
32538
3143
27449
10489
12116
13842
20113
14013
12299
8008
362
24755
11885
23152
21122
29550
6046
18367
28972
13216
943
31444
5139
12888
27867
21316
6763
5380
21324
26227
10513
15772
5390
1712
13097
29246
13413
25682
27568
3928
24284
24688
30837
31962
30168
11209
29301
11122
11255
25865
3276
30301
31875
20028
9765
12290
7177
2607
172
26130
28320
12272
29474
1396
20562
31041
20858
9091
1485
5996
6458
28839
8185
21508
5080
15869
29841
12569
23093
28841
14665
5283
15060
6122
22175
15608
9615
22912
11080
806
25647
1241
2723
17528
4475
9984
5819
13071
4886
17549
7
16255
15501
12736
18116
18115
15567
16213
16863
32414
26832
12537
11036
26815
19401
8851
27277
21422
3266
24472
23565
14182
16094
24825
2674
8907
11833
10732
10527
13243
5156
3603
11054
11372
29317
28280
25966
18247
11592
163
29143
18687
16107
11067
21466
4184
27503
20859
26413
10159
30753
28142
6897
4639
9455
8280
1608
17682
4947
15083
9724
7254
16713
28637
21888
17248
2961
7999
5734
10829
6141
26849
3374
21631
3634
25492
9485
19029
16763
16756
31842
23389
20124
6227
31959
32558
3695
26696
22801
19996
25600
27177
22112
20650
31462
14588
30724
30815
6633
29729
6650
20377
5188
11869
20766
21877
16742
22784
1861
7580
15684
17721
4734
25375
19136
26174
737
26341
2337
26199
12807
18015
29091
20220
6571
4364
19531
5641
16919
15931
9526
16970
2028
17733
12632
21347
15885
26222
21969
26308
7665
18014
9657
16730
3203
19000
29288
12766
26104
28214
10545
5473
5096
31837
563
11112
32026
25222
3439
14483
10499
307
6510
12885
31760
459
26800
3116
31654
8619
16952
2284
23426
28510
12823
11061
12226
30629
25663
20245
23730
15925
15506
5972
14278
2106
12744
21060
4375
14689
19709
29285
6740
3183
22832
21036
23478
13968
25151
9273
20788
2919
13527
15627
15236
3523
32500
28554
25481
14221
380
18409
3247
29461
4569
8996
30322
6978
28194
23455
16210
9735
11773
16943
11045
1189
22825
10257
31956
6436
28899
21502
17959
25828
27
28038
10966
31834
30635
15186
3685
20692
3742
9408
26716
24303
4646
18144
24681
14455
5686
18657
3335
32326
14685
1829
9519
32041
25806
26315
726
21955
11956
27462
7076
20085
17343
14764
1703
27697
7533
9030
4443
5301
28849
1060
16838
21607
26601
6427
18128
26621
10612
15198
6752
28633
10373
1178
23532
11529
5286
26758
11947
11436
25607
17016
32688
32151
11920
29017
18610
32676
23935
4029
30816
10998
11171
11223
22394
3105
6632
20670
31768
11089
17725
28316
15898
6156
17584
4307
13230
15232
8053
15031
11137
29740
22537
17698
21295
29572
16625
12450
17404
28855
5065
26449
13260
6146
17167
12412
6618
19725
21315
21367
29575
14522
12060
7893
31092
22309
16798
16118
20957
120
13786
16836
25795
20508
5922
10507
30265
8034
764
5349
19193
5417
17377
5255
28698
14929
3342
26362
26760
11221
8582
10701
27982
1680
2787
2438
7319
7691
29611
11584
14268
13366
3196
18515
20277
28685
21955
6022
20992
12461
15517
6382
12228
1898
25808
30726
23678
29512
16680
6047
6132
15293
29230
15846
17970
25627
20003
31755
16650
12034
29467
19487
23084
2238
31600
15443
13013
16183
17348
8466
75
31523
23782
1343
31131
31910
20959
5927
9734
27105
22151
30624
32468
16353
27857
20396
10113
13407
30756
851
10035
16771
27622
798
18777
16370
16561
23943
15742
26156
15579
7492
17134
1771
12341
18447
344
21557
7453
29942
32668
27876
29182
5913
7371
8478
6422
1244
10639
11219
4288
19257
28074
14060
18938
30882
7106
18186
27165
15437
14861
11554
29544
18881
32459
31349
19134
6707
14302
21678
3305
32597
9404
8397
31534
28712
11435
19725
261
6329
13858
2827
10504
1791
23293
25735
18325
6655
3613
27576
18323
10899
18307
9620
4340
28044
13078
12172
6384
8642
28949
25207
15855
12674
18876
26262
21420
414
3332
2037
11922
21346
29641
811
25713
8491
2881
22504
3930
27811
6920
1454
29137
4263
17039
1135
17735
3352
30846
21209
17146
24322
27081
7479
19504
16176
30534
3037
25247
21784
5176
25362
20728
30144
27461
4214
29076
12207
9351
25944
4208
26099
30136
5082
25000
1076
29769
29222
19218
6424
7134
1126
9235
7685
18464
12675
5461
14197
17381
29801
22922
2480
13422
232
1490
27085
30617
24783
27913
24393
25076
13369
27245
17439
14043
27514
28292
23832
12059
19178
19714
16847
20796
31757
17884
21483
8314
30451
12578
20722
24466
21349
15577
30869
2300
5172
24545
4489
30212
15638
29685
24425
9371
29163
7017
30017
23140
32087
19714
5598
30572
21112
4291
10591
18861
800
4366
10790
32351
9487
7851
29494
27831
10994
228
18970
23083
13992
22033
2471
11802
4614
19033
26190
26874
18116
24141
5330
22272
30518
31935
26706
28978
7837
3500
1675
25538
8784
5627
12646
29799
27189
23394
10982
1147
32238
14651
9924
30161
13878
10319
120
16347
4321
18814
20383
18239
26952
7995
28
31239
19556
9661
16463
26054
17077
22982
9668
2319
15289
23401
9566
4457
27970
18677
20610
4004
13000
25435
862
20709
20899
14090
22241
32590
1394
29856
21013
29604
29566
25013
7189
25448
8596
872
31403
23620
12736
17066
6478
13340
29772
538
8079
10998
7175
8685
29201
19466
16142
27948
21880
30582
25328
29619
24637
25500
23352
27144
12755
13253
19099
17786
9395
12009
6023
1514
32290
7938
10483
11052
5727
25303
17373
14024
24899
3207
21257
16892
12444
14431
31766
20969
24307
31585
8269
31033
9785
28857
15191
24062
21603
29223
17494
26822
20920
13903
14608
4497
4603
32219
4809
30843
25730
7492
12623
6401
10999
7586
964
7126
27460
31491
19206
27388
12972
17356
16490
7723
10140
18223
12200
21302
12538
26187
24460
2739
12146
30028
4422
27827
4890
25041
11431
14183
12657
16852
9060
2478
18438
18726
20140
14014
8458
29755
24542
8880
1215
10448
9981
8447
13266
23999
12272
30718
30915
23177
29870
25820
7979
4515
30884
133
8010
4100
3455
8708
23871
15674
15015
3661
8310
30417
21724
31902
4635
28214
5202
16101
22461
4932
11581
23721
17238
16954
11311
10357
7643
21814
22079
31445
6615
15414
894
14684
31147
21724
3714
25763
10650
7038
30510
14646
28222
18907
17865
13372
13549
13288
26399
17797
27717
25486
32118
12327
24137
24710
18733
28
20479
4926
22897
31311
7697
30916
13331
23824
3194
73
13364
28774
18455
31480
6788
30668
27574
2878
5003
11669
29701
11701
4008
5800
11606
12627
21746
21891
2152
18084
12536
473
10637
18547
15352
16606
7194
101
13703
2423
7761
24465
16093
11216
23925
9096
21029
19450
8585
14130
13956
19160
20439
30
30985
11843
3284
10555
25588
14091
1190
3614
24781
27999
11308
6542
20615
29319
29822
2995
9678
5340
5482
22412
19159
7365
15304
2531
11192
20912
24037
21200
31027
20953
18593
13450
14577
17592
13207
15358
3763
24506
4099
29413
18926
17868
25145
16783
638
9068
18109
13051
27170
6665
455
4880
26905
12593
4968
7571
24270
16100
19991
2404
2381
28039
20780
28542
23647
29912
5840
13556
23109
24835
21707
2525
12645
30826
10919
321
15337
10039
13990
28845
10584
23203
233
19250
5155
23715
18821
22502
30162
14255
380
21727
4989
20272
7255
6092
8803
2784
19130
19551
10317
10138
29042
2209
296
30637
22990
23703
28238
29420
9938
1203
20819
17350
3637
19606
3484
9722
26856
30820
15712
23569
26704
9647
11875
16316
12894
16184
9428
31148
16130
16514
3743
18559
32495
22459
25436
24213
7279
4821
28792
30348
653
13266
9316
24265
31453
24764
17448
12539
13456
3212
25586
23066
19612
1558
6127
24236
31956
2420
28924
6300
29167
17527
5457
31981
13350
17273
2018
19809
6387
23207
27779
13464
17721
1122
18513
4747
21225
19738
1299
32094
11325
5851
17541
26755
20524
24735
7006
19385
682
18445
23421
30608
31242
23851
30754
21137
12561
920
2460
13705
29570
5044
11620
6740
4324
27682
26530
27922
4187
15546
30868
15230
12003
12337
24415
32644
6496
7607
17179
29601
8243
1684
31167
19249
14836
4787
3130
14376
14208
18309
21330
4918
10757
19040
20258
12547
28639
12369
5509
3496
18096
12952
25979
20698
2133
19946
4534
28037
3808
15566
24748
1159
6622
26192
6462
28868
9398
6041
2147
31743
7207
4977
29804
499
9022
2491
6542
22201
24797
30034
26687
26203
31209
9234
2584
17139
26229
30781
8935
12178
17369
16577
6376
32571
29983
27561
15541
17181
24397
24510
20235
18032
26035
15271
30642
9876
7654
16012
24370
26253
24288
2860
19652
2954
31075
5789
586
5875
17162
28688
6066
3000
5193
18628
11334
8255
7540
27059
3076
30370
15532
19833
25514
7824
26118
14497
7736
21514
3597
11365
30673
6504
2012
14667
13375
27366
9032
4670
7430
12270
26047
31445
15908
21000
17894
5370
31286
7664
16811
13810
10321
22220
7682
4503
1268
6801
9485
4994
19507
10263
7978
2946
3228
25297
3085
2813
13043
30343
29305
30612
25928
11767
5603
31649
30877
4208
24441
8384
7379
31672
29829
2549
20696
20738
12528
21354
16980
26678
20834
17363
22957
14930
25801
7032
5208
12361
16926
7852
16364
6838
20043
11114
23688
1564
30467
32018
82
10090
30697
20771
25542
12209
18280
31846
30184
1188
21661
7049
2749
182
10036
15778
29690
24200
6949
3963
24326
28869
26116
23552
2448
26339
22119
2842
23321
29011
19136
12503
11926
31993
28134
26038
22432
24558
10864
32274
5383
25926
7790
8019
25304
14147
31650
16245
2953
13163
8122
21234
20610
3425
25006
20607
20764
7845
18378
10495
18995
28437
20242
4542
31838
26425
5710
7113
8718
15950
3424
1140
31305
28992
10587
187
30174
32344
26141
21272
29013
12830
21094
28062
6569
8211
28083
6957
17552
24353
2991
7814
8607
3299
13997
16974
27815
2897
31544
30679
11484
13835
5116
12467
17075
9764
3625
28730
21196
29012
2606
21305
11949
31038
16774
23294
23322
32258
27237
11839
32560
20822
3802
31378
27691
9118
17141
6594
26934
18224
11518
23456
20457
13966
25392
20509
31310
22439
24660
32407
26937
5132
5022
26654
23981
25658
8383
27551
18072
2867
28947
9955
6393
10564
13901
1241
5467
28593
19321
6526
895
18244
22268
3788
31222
1496
25000
26729
14841
1863
22152
788
18554
11465
14801
28743
557
28928
32757
22582
19039
14339
28714
3696
28821
2042
3553
30699
3574
14163
18302
31306
17145
23053
29501
11089
4232
17511
11297
19100
3599
24811
8715
17749
23140
32293
2005
24360
27839
26562
6735
12021
26635
13088
22395
8254
23516
24374
7352
18030
12477
18636
5606
16630
31069
19873
20805
8134
19737
23493
14014
7413
30254
6707
26487
8800
19624
5977
21995
8246
21285
27100
6907
11842
1422
23388
24821
29201
15482
31583
19858
963
15477
20924
5044
29738
32408
2555
3935
12638
2116
22011
15239
8507
5321
28421
29926
18386
19413
17492
10140
19987
12734
22513
16435
15517
27348
16384
10244
30699
30448
23168
12949
19129
9374
4362
19859
12747
15744
25960
25312
4780
22491
31195
19998
28293
17676
3154
5689
169
22343
32016
17992
14640
29185
10234
709
31939
14260
824
32118
1224
21850
17912
22844
17078
11946
18703
27622
7915
21620
7112
12935
21774
9148
24383
14446
7581
1762
18897
23434
16835
17215
4948
20440
19895
27102
7898
4287
28476
17816
32173
28604
11603
25312
17621
21745
8011
1409
1469
10504
30084
22475
23627
15230
31931
31163
2547
15356
25973
15633
30097
25707
27651
9847
9949
28335
890
28728
4150
8417
31357
21701
5409
20228
29511
15762
16211
10579
23594
29620
14250
116
24773
27114
11072
15950
7034
12010
16383
3859
3671
13839
24641
14277
5172
32324
11143
25367
8980
12097
3484
25352
21202
8778
24344
10711
4449
13214
22817
22274
2880
25739
32107
7996
30850
5750
22511
10751
7976
24476
8410
28017
31149
19713
22352
25064
23000
2736
21984
28144
20462
12713
27601
1236
26758
3211
17954
8797
2123
29296
30940
15054
1804
8115
22907
24133
1094
14543
22469
19863
32073
20349
7903
29799
6265
12633
21542
25201
21251
6315
3766
859
27520
13502
24971
13999
2413
25937
17453
22702
8513
29393
7089
19710
30878
10014
18583
12897
1354
30920
3359
12178
28799
32666
21116
3214
32442
27766
28461
756
31853
24106
26330
23169
10722
15662
17912
14163
29990
11138
12594
22525
16298
29766
17471
4062
22931
30715
10214
4428
8526
18784
20425
5987
11765
16874
21221
15125
16834
28254
27881
25213
23905
32525
7902
16691
6876
24633
2753
30796
8185
1875
30908
8743
4661
9269
19327
92
4421
25355
22960
20042
13649
21728
21833
4047
28285
17616
13696
23163
31173
4997
15350
18579
6946
31957
7674
3626
28238
12883
3870
30835
29289
21404
26516
19110
14066
3308
13634
17153
42
28299
10780
6451
10877
21813
31427
7786
17083
6979
30153
8376
5833
30311
3397
31836
32632
20983
30263
3889
11018
4664
7930
6191
1887
1441
20732
9275
25084
18681
19197
20108
31548
31106
30272
7233
11737
10501
17829
26335
7735
23039
24142
22557
28457
7892
14200
24868
3522
16444
26708
28666
21038
15768
27568
13529
1306
18993
1703
2274
27364
25390
24723
19867
17881
2496
19327
26854
26094
31432
3286
26483
569
1091
6407
17120
16796
22001
30441
29152
2063
3045
21658
12283
10150
17555
28994
3872
16719
25959
31362
11773
27911
25343
10220
12707
3291
18007
14848
15781
5069
3284
25966
26341
21795
20152
20754
31815
26212
28677
14362
4674
14355
26480
27696
23782
30554
5329
19437
7068
3919
10392
4460
9352
21750
32565
6579
26371
13351
2302
2115
3353
16222
1520
31235
24492
18490
29750
27905
15131
2594
27028
30113
5781
15127
29242
11764
5683
5905
18301
25680
15110
30510
3109
25486
7927
13073
13645
30293
27494
13101
28684
2289
6966
5924
27812
26481
30145
23856
15771
3845
24443
17577
16738
2755
10012
5061
10579
28466
30000
9175
1438
7250
12344
13091
2299
19243
26609
21980
31918
23076
23638
22615
23184
19294
27157
1513
7226
24726
649
23271
29913
2164
6440
3495
30141
5787
19016
16591
29479
6454
837
8282
24340
444
14033
24275
689
22664
7008
5006
22569
16334
16920
2506
10839
20696
21357
19713
313
23704
22770
14770
10512
11319
4503
11043
30231
32241
18605
32661
13459
9062
22916
28296
16934
1958
283
9924
8681
5616
17947
10759
4860
28072
17984
24825
2601
21103
24912
32270
15341
7517
890
19486
2197
22813
10045
11033
5437
29697
26740
11970
29112
18603
19717
18284
5841
16377
27414
24704
27582
8677
20316
28613
11410
30620
24673
2210
11976
10797
22957
17655
30407
1709
21599
12559
4322
4654
13877
8529
17650
29477
4526
12304
16841
20980
25997
25101
29923
24595
19165
11714
4257
2587
30407
16740
12669
11384
20043
101
26539
22190
19383
14472
20670
10753
171
16451
28575
8587
2084
26800
31638
4858
1401
29384
1990
31820
951
14025
19205
8436
5253
1097
24712
25706
27808
3724
50
17754
11763
24969
19077
9400
4187
12206
27610
21075
30729
14336
24919
30999
22878
9805
9243
7908
4059
22234
7830
16820
454
32720
3904
1590
20669
8268
19728
29980
31338
18357
7471
27537
25527
10249
20024
27809
30382
18546
286
13797
2032
11070
14196
31996
29800
23178
8001
10716
26617
26285
7233
12366
29871
25420
20521
575
26973
11119
10314
21404
8045
11958
29908
15276
10036
3847
26167
12793
1433
32640
17294
6847
4466
2353
22383
2081
27545
6391
18129
32031
20586
15128
28423
13157
10352
6615
25277
18860
5424
20059
30772
6921
125
24757
16452
20746
4982
18226
14646
30759
3355
12434
2059
1376
4994
25452
23966
3757
6516
27977
16907
28394
18406
15742
16654
29780
12856
25138
23580
16949
2241
8314
12418
30759
29487
9146
2049
8769
18288
25551
13727
16110
7095
5396
3652
29544
4518
22265
5848
5482
22713
5227
8341
15444
24857
1993
30988
135
27427
20622
30292
8612
9211
15316
11762
20455
25333
31613
30177
16054
18788
11408
11482
13583
7060
30918
10431
21588
16491
23439
5020
17960
24949
29902
14215
24010
4912
15779
3984
29965
25269
10136
31163
28127
27360
7872
32421
14052
32138
29878
17805
24697
19337
25525
26751
13882
18427
9082
22558
26858
32109
26789
13272
7005
32156
1245
3954
15427
15051
13679
21844
19154
4007
6553
13422
22228
9160
18987
15613
10523
25577
18817
15336
25909
11152
31781
12284
22562
6629
27057
7012
12786
4656
12015
30408
8466
21135
16002
8563
13258
19902
31741
12283
10046
10933
31395
15535
4921
514
21167
19774
20884
12565
27882
24122
20475
30444
11553
22895
4982
9767
6404
10772
32275
7603
4084
7922
3160
13510
30234
14988
16688
23320
30887
4975
4341
10316
9562
8127
2198
27678
6886
26360
1395
2463
16230
17606
9267
7542
502
2646
24997
30863
14883
4755
12799
31964
27603
1275
6612
28484
29245
15455
13578
21130
9364
26473
10845
29727
24492
4984
32122
971
2786
25837
4094
19878
12468
26569
7420
12413
9454
13616
144
10920
27123
27757
31898
11604
1213
25174
16154
3403
13862
25523
2364
16346
9237
7094
22372
23510
17955
25916
7646
10001
12446
27099
30257
5246
5434
8591
32371
19839
31665
4939
32103
27861
10400
20330
14078
11071
11633
9086
20421
30080
16121
14285
16096
12225
16828
8141
25291
8070
29567
24946
23391
21621
634
22693
28668
20293
26549
15464
27226
11058
7109
21947
7083
3085
6524
19448
1441
27608
16450
24145
23793
17108
19576
6839
9010
22078
32126
13292
12317
2000
10285
407
23552
30662
23850
28146
31412
24533
4895
580
19543
21436
1842
8905
25262
9457
15899
5803
7532
6112
10461
30346
13525
12305
1727
15284
13321
8689
2575
25220
6113
14577
20789
7819
1249
15815
7023
31345
19873
17841
31249
5011
25511
17308
20098
20376
9099
4205
21553
26165
20060
21271
7637
8765
28785
30262
25294
29566
600
17553
2334
8927
8348
17167
7335
32391
13452
26312
19710
2699
2175
24688
28972
6717
29111
4814
26893
2330
28511
14896
14481
14852
1716
4362
19963
13053
10315
12879
17535
2209
9798
29467
17268
31334
2987
20950
284
29479
20987
21371
137
28500
4683
18633
5267
16133
15049
12009
18430
25257
14660
14900
3512
30013
1145
26437
13820
32072
7159
18764
32588
14380
15920
17156
19999
32585
4874
23253
2912
21305
16586
21270
26042
30354
30657
27912
6508
14177
11599
20095
32308
4926
11109
19799
2547
23430
10777
19298
19418
28701
25635
20743
1261
19411
22243
3000
14526
2624
5799
32186
7030
21599
25635
24315
5713
8687
13049
5996
3562
7555
22732
5195
23392
27010
22930
26827
7840
17635
2865
1719
30344
27717
16172
18746
7891
4792
13572
12510
25215
11351
475
7849
18059
9727
6337
13915
26368
13758
23065
15402
7722
24504
30116
7845
2097
32238
29373
19701
15646
32453
21470
31618
87
8931
1708
26647
12695
5345
6740
13901
2158
2571
3831
16078
5122
28887
7573
22077
8939
1008
10054
8696
16420
18178
11758
25288
17473
30054
9674
660
8578
2457
26281
28650
1869
16861
28512
2333
31777
18181
30367
12105
7780
24073
19093
8837
1200
24091
2741
16531
4941
79
9808
18096
1984
17372
31498
15310
3237
14702
8680
14967
19164
12870
10684
22880
20429
5975
5603
13429
30380
9415
13057
14517
5543
21787
2233
27282
10593
22550
12410
12883
16844
859
22552
15721
7401
14515
2145
6785
14143
12519
29204
19856
3366
13745
8132
13992
28046
5815
4142
1139
9888
5664
17821
14262
21200
22373
2191
14192
30092
7296
6296
6008
9970
11827
23449
8541
896
9228
24735
16154
27060
5617
30787
30766
23056
20722
26961
30308
4863
4456
3691
32443
3477
21130
14997
20632
17917
29261
60
29602
21092
13670
24330
26338
9990
4658
2972
21283
10297
2389
4548
16868
20221
9888
9159
11073
28283
7973
19474
163
14099
31761
22110
24713
853
25979
28358
9253
4920
7972
6112
9533
8117
9395
10245
19105
13259
4544
7421
25345
12852
18172
15250
15208
1394
12398
431
15628
3580
18211
10115
20855
11228
15130
27620
29348
9322
10320
10672
8577
24331
27278
21689
1353
4771
31438
1638
22503
15424
30418
30491
16105
24514
4855
4098
28075
23872
20410
13860
21429
18917
5237
9498
9241
30217
25646
1773
25726
24190
24739
3086
23655
2959
10772
6692
23265
18786
20108
399
10103
14476
16630
21592
4315
4745
19773
2701
32648
31447
29644
28271
13811
5392
15038
21385
6531
5528
582
30472
9882
22927
17761
1049
2483
23443
14036
4824
25952
22264
31021
2384
15218
16691
19745
7380
9847
28808
11787
10730
25964
22971
7407
11233
29177
22850
9833
8431
23168
11528
10071
32112
14283
24522
26721
21741
22111
4686
16973
24658
25260
1439
24908
19805
31971
20301
21784
7087
28623
19884
21890
23212
21027
24757
30526
16554
27110
23002
22043
8782
20656
3709
22228
32678
4973
28563
18479
29934
25055
22512
5131
7961
25464
15477
10288
13132
6504
23742
24616
21476
3118
6591
102
23695
29444
23333
21438
27146
11053
7194
15119
14854
17039
6276
3891
21418
22557
3326
8669
15626
728
16918
12546
22885
31099
14975
2788
22964
21554
2073
9593
23771
10036
10950
25317
14705
17218
29146
18185
12969
20607
15295
8032
12868
8125
22501
16103
14677
213
5849
18386
9465
3633
2305
2630
16429
23168
658
9269
26076
22647
25219
19319
10335
32697
31431
30189
10711
30301
27632
2051
3478
28730
8941
20829
5058
8776
29432
15175
2456
9208
887
23981
21186
9231
802
26289
15758
27017
1087
5655
9044
14704
12579
4551
20657
17339
14895
18113
10015
9855
28689
2100
1693
6366
16007
17410
5787
11501
11231
20119
24080
7045
17314
32554
15050
10400
8135
26164
10193
22267
15275
5427
23592
20461
26511
2609
6545
32361
17525
25315
28012
8396
2992
1013
14712
9487
17886
2085
17186
25679
27525
11226
18089
10427
7336
9249
24549
30696
23373
8877
31951
25802
1578
5232
5456
24808
23640
19305
28542
25445
14283
21803
2577
16594
17024
13410
7090
29804
31982
27620
21153
20070
4845
9674
13250
11880
7349
20986
1892
29463
17944
5952
9465
32234
9117
15647
17267
15867
27118
30743
6998
5717
13955
1513
6275
1471
28380
15104
17585
16255
14952
29979
11323
14209
2199
5943
10149
19620
3466
25930
21811
22036
30795
31899
5317
30618
23350
31943
6566
9242
8360
4652
19101
30314
8238
16304
12061
32478
16040
30199
5309
3567
9238
28213
30667
22511
15855
19178
20644
27987
6219
14222
26985
9043
18599
18120
32212
10935
11376
32434
7376
22777
19394
12814
11768
30612
10727
6695
6201
11508
20518
19903
28953
7185
4519
7275
6430
14675
17876
30269
15695
5818
31052
25893
2723
8976
32400
5751
19262
23593
30647
25904
17398
7089
3411
4501
6806
20445
27418
32726
21649
29237
20553
26051
20118
3055
31617
2148
5370
27362
341
249
31522
8710
6478
29546
4857
10814
19987
6471
28194
26238
13912
24263
20383
166
4028
27005
31320
9539
21311
19966
22325
11643
30828
30911
2633
19898
27502
31086
23868
25848
25312
27376
20171
28620
23301
26823
29421
11061
28090
13236
22644
676
22032
24737
21207
25917
1431
14075
1302
9899
11685
16897
31048
2689
26071
20188
26845
14202
25191
28239
10120
28337
14479
18601
453
13643
7002
4645
19507
22694
14640
25281
6358
3761
26230
21417
25320
21053
8464
13599
13572
15023
23614
12133
16091
1464
18778
2308
981
28546
11013
10473
29092
27340
18786
21551
5335
25283
16845
30707
12257
6829
4514
31495
24291
20868
103
10535
28576
31502
25306
15761
7209
18307
3575
2102
10530
13567
18310
14022
16409
1253
8421
3772
20661
30571
17505
14116
30078
24497
547
10857
22530
23625
26799
7503
10721
30027
22157
6541
21193
20510
6062
10708
32255
8757
1732
12656
15817
27741
2698
18603
18642
26194
19071
24418
19778
30771
29990
18830
10491
6361
3688
1346
10887
22340
14921
7150
28343
19741
10842
10028
23358
11627
21600
32323
29837
6375
6491
20548
32281
11669
3303
25176
14540
15941
18093
31335
19351
18359
28644
15851
27038
9972
3591
1304
19722
14764
4886
3290
20283
10456
14774
27273
17934
19502
8787
30827
9489
21366
15563
17189
6921
12678
31025
832
9563
5959
22139
7813
28263
14045
10002
9883
25609
17835
11697
9335
12927
9425
25373
11405
30017
12737
13499
4626
9060
16055
4952
117
1747
24177
2436
7789
3191
26217
28518
10087
14248
10495
17916
9687
32384
5741
28683
6987
17271
31302
22790
20220
15301
18773
26261
17628
16355
13574
3239
8072
25836
22291
22566
2380
10098
13504
1276
24394
20709
6842
1123
31777
3962
16974
5882
22619
13853
30927
20328
24942
2668
3912
3703
16528
18182
1533
26011
12193
7376
7019
6624
26664
24074
25341
17185
22011
4509
12329
23246
17645
8357
13549
27874
19991
24432
27220
12754
2375
10057
29833
27676
22907
15041
6821
16151
10789
14283
27191
21415
24655
14791
24691
16826
6231
16393
6816
10531
10275
27887
11191
27982
8425
4512
9398
28007
17557
14649
26565
31535
18725
15241
13018
11702
23916
5518
18067
2809
25021
31783
9709
24269
1753
26668
2579
22530
15329
6392
18953
24299
11946
25226
26686
3853
29369
1154
2132
19279
28905
3452
32038
9487
28276
5276
14900
12895
7291
7302
22332
4292
21247
29903
25101
11340
19536
11263
18934
404
19273
30056
23103
16479
4841
29816
2309
28384
6857
16370
24504
21779
5547
32755
1273
16706
26432
2555
15295
15028
21582
15141
20439
7359
25995
21101
9439
21423
10527
19143
22213
15151
22114
19008
24345
26898
1435
22849
17466
18174
17478
10502
7123
15572
24543
19563
18458
32168
11376
29694
30485
31045
6483
12104
18570
26962
5730
26780
6179
17782
21777
13217
29485
6047
25929
1415
17940
7812
22272
9300
5365
30767
2770
5779
6011
1147
20515
8287
7058
18271
22508
20515
13945
12578
18692
17135
3933
16662
19856
10911
18533
22424
25109
11299
13850
3932
21558
25998
28742
5477
10393
1577
29171
17352
32419
30270
14630
28794
28248
30848
29336
21028
6823
12658
22095
14663
24552
11911
8677
8732
28395
17332
12873
3242
18909
20895
19607
28291
3190
18437
21274
2253
16830
2311
26548
4981
14394
12014
8793
18821
18896
28991
18763
23057
28826
6149
7370
8891
9509
20997
715
9742
13179
27945
23441
30255
18588
23481
10935
21251
32465
23015
24205
14943
2815
23311
6488
27905
14747
23179
25872
29014
20008
25768
22121
900
10681
16740
30383
25925
6100
14424
22607
18234
10949
16046
32502
24516
27930
8784
29218
9987
30017
30117
6237
15900
5768
31478
28932
14631
20719
22016
15363
16906
20780
7308
13771
9257
32286
7307
4175
31987
3631
4593
11884
15427
32475
24104
9528
12344
10820
23373
5817
2818
14264
8965
981
15236
1242
13409
24714
28306
27784
26936
3959
29570
3530
16012
16651
25487
4532
5382
29492
7264
394
16002
24665
18592
6772
1306
29180
7010
21722
25555
30513
32182
11408
15319
28799
19064
5733
28866
17302
6022
2472
10594
1659
10979
17785
30459
5762
18619
25697
18390
30102
22051
5281
18189
1162
16790
3799
6979
2356
2339
2907
27114
9747
1122
21990
30366
9032
23125
15050
23311
6916
15866
3813
876
22149
21033
25279
6361
3547
2245
4735
755
31863
7770
13549
21911
21994
3564
13408
22686
14804
12792
17159
29991
32166
23127
2569
740
28849
32628
27208
7606
16761
9085
8943
27926
4795
1750
2835
22488
11864
3343
25333
334
30444
32345
355
3822
11002
1488
19493
6381
7602
26809
20705
3280
2199
4931
3076
13586
8147
11678
32724
28083
2433
6669
3849
7823
11383
22990
22309
8164
27004
28934
20534
24182
3380
13767
8031
11295
26586
32399
5687
17224
25561
6749
9768
14209
1945
26456
32104
23347
2792
29572
777
19639
31340
31773
10052
15190
5348
11275
17389
11159
31680
4472
7771
17519
2020
14265
25633
21574
22516
32342
13558
2667
31697
29460
10297
17537
31695
789
26554
29783
30741
267
12134
31358
21272
28034
21650
7573
22115
1500
5564
16743
17228
25129
25847
28480
8449
28846
17314
16723
14456
28068
28781
18129
18082
3389
17155
27675
24524
8731
25392
29731
13400
17541
4564
13660
30140
12334
10974
24030
7460
24442
10292
18249
16402
2009
23162
5779
11130
21502
12143
1198
3451
29968
5049
21727
5494
11749
12323
21833
9065
14196
26306
21061
25124
15196
3072
28322
8864
17628
22548
26261
18602
30072
27209
2976
20436
18214
14234
30252
31318
1435
27385
22146
16748
23475
16397
5722
863
4733
31120
30809
311
6218
29756
7617
18934
13477
3451
6237
30188
5179
5156
31517
5770
23624
20984
10054
7217
17863
28098
28278
10245
24712
19075
3745
29114
47
3808
26220
7847
16673
16709
8224
14570
370
3692
26584
3383
13311
27308
25760
6976
21632
17937
2527
5745
25333
3760
25210
4071
14378
10616
25859
16743
2460
8707
2787
28306
19644
527
16044
13875
22360
22114
13880
3726
19155
10437
7506
13296
7229
1026
25335
5592
12015
30552
11476
31095
32583
29853
30023
31011
9524
355
24184
17812
18575
7645
31859
31013
9652
9126
18485
20654
14775
15980
27299
8720
28563
21633
1416
12294
14488
21150
8247
26051
13252
4631
25288
22769
12398
23595
3152
31123
4435
18248
31038
1162
10275
15348
5445
5951
24561
27160
29777
12926
5093
8139
30729
30361
15112
2354
23511
16159
3144
5489
19420
16418
1067
6801
2086
26674
13972
29963
23528
11024
8896
20996
18499
32068
32221
32472
14744
19160
1095
10553
15033
15901
4539
414
13085
27713
26059
23495
20944
11447
31108
31843
13010
5082
24797
24322
10777
24629
22114
15756
25645
2605
29158
13910
18284
24543
15771
11963
3005
7732
24194
970
18614
28661
2702
6729
10435
7023
29591
14232
24771
17632
16767
6573
20904
31661
32682
7479
24185
5995
30807
28759
25852
5805
19921
28384
10461
27182
13799
4713
20998
4295
1854
9785
1058
7694
16747
5346
25919
2095
21794
16388
7488
17646
7589
12990
13022
18657
32260
26718
19866
16469
2714
977
13450
17647
4928
9097
31358
22885
5547
17847
301
15352
10741
32630
19115
6050
20131
24820
13565
23
10209
13848
18357
21610
15360
7512
7041
22045
18160
6087
21927
28940
8431
17615
20905
13111
28986
26996
28056
28393
8021
32207
1983
1486
4035
10072
17763
7394
20374
17216
24066
27793
2129
16439
30589
19814
8521
1692
13174
17608
21943
15711
26760
991
11299
4254
1292
20942
4124
14698
32143
24951
567
13884
17707
8385
17434
1735
26352
2812
30138
23185
16620
13653
28566
20386
9287
19558
23774
29461
31406
5200
25652
11927
22737
10494
866
24479
23805
31227
12645
6754
1726
28530
19591
3594
22801
30984
13370
26445
26874
2532
20382
29208
31591
24023
9350
12794
1358
24568
22436
5944
17233
9050
10326
12199
20266
20918
17088
21320
15297
24819
17261
25308
31045
25601
14784
1582
12255
22414
27720
12822
9090
6556
20788
26764
26366
12444
23259
4720
2997
2499
6351
29802
11281
23040
28030
8817
22505
24477
28034
6809
30566
32239
7482
16487
28565
11491
3171
31398
10514
2991
28235
7281
25139
18404
32380
12154
20865
17372
31901
11694
29206
9157
19073
6653
10312
2773
18311
9317
8034
13213
16387
11837
18498
12728
17520
25556
14571
14116
28895
11996
14089
17057
19979
8566
27911
18986
11406
7995
8800
4289
32094
16692
19867
7999
25019
17826
1479
2408
10473
21919
19855
12698
15572
29256
4662
24125
4094
13967
5916
24618
30891
4176
1028
21750
21733
14876
2214
16907
13758
12545
10619
5506
31498
16861
26586
3382
2655
25173
28027
1370
25696
23547
2062
17635
28068
14995
22826
24550
5010
4045
27303
13937
1468
17976
4452
11600
405
1331
1404
9873
18101
18004
1217
21761
3362
4321
3763
26909
3333
24231
14494
4959
21849
32221
25140
19607
12000
2654
24636
27820
618
29356
23747
31787
4291
32126
494
10047
10867
8341
15912
5715
1213
27674
1317
31752
27875
18534
32235
10664
31283
26617
55
26889
28579
24362
28582
20347
19840
29551
1913
8640
12133
1595
26739
2089
23171
12724
12992
27419
10287
3536
8504
27324
203
4471
29546
20718
13551
30092
5356
17590
17541
17528
7472
11364
27424
726
8489
5916
17404
23431
10441
5824
9627
24393
12615
15128
28321
6709
5695
10804
20464
3837
7948
22601
20388
6221
565
24992
17021
16876
3422
234
21585
32028
16886
2109
12541
2422
6476
32579
2839
24150
27381
23085
9394
18164
6249
19662
10084
21775
5044
30646
19984
27146
216
32321
17665
6969
6064
25825
24598
32625
10838
2041
7806
26310
2889
10312
10610
21865
28677
25668
26122
12507
2909
30024
3289
24038
26060
23828
6474
6583
26058
7589
19712
9108
23485
29899
2247
16841
7621
23501
7886
18942
17818
30646
2287
8168
16369
12933
23242
28437
2045
1087
4067
31497
18449
10546
31370
8973
7033
27773
8636
9210
17329
26973
18361
20219
13970
14470
3435
8253
29340
18080
10924
11507
20721
5432
30029
51
21239
8306
27202
19332
9107
11685
20990
2997
8214
10438
29087
24415
27261
32645
31523
10172
31339
12308
10494
26584
4799
30692
24919
32104
26572
23317
29624
7494
13444
1121
4608
27450
20306
23171
29073
8370
6449
22235
4857
13799
28733
8027
11310
10551
963
12782
17731
25301
30589
23796
27595
20079
3994
6467
20754
7274
16514
25564
2828
29719
19526
28003
24540
27570
14961
16585
31612
2866
24468
10301
12101
24354
21152
10546
22002
11465
904
29616
15171
26801
30493
11765
7219
15643
27596
29559
7365
28464
10770
12605
15416
13559
30948
23143
30807
13490
7606
14249
26099
32252
5128
3786
21404
31758
8340
32429
6415
26102
3404
32189
4716
2339
10376
26138
8080
17218
23906
17328
5058
31301
31995
17360
8865
9992
19342
5099
31433
2243
18963
939
5633
14118
13061
32155
26698
26554
11369
30768
32697
26738
4007
28931
15009
19653
21992
12775
2803
25087
20724
16690
5406
25617
24296
29823
17420
961
30481
32755
7630
2992
12508
12604
19159
23286
5891
30564
21360
31600
4278
25524
16837
30604
1723
23538
16355
23741
534
32311
29440
147
18893
29668
9511
3396
29135
27296
23450
28054
25664
13213
4504
9549
28029
13793
25555
30213
25894
5000
31265
10808
27322
9374
9506
19791
18394
4599
28767
32136
3195
31319
15532
27194
4855
6661
29157
1398
12777
18213
21759
26118
24632
4725
8745
12739
1552
14597
21362
4611
6258
12704
23706
16082
21771
22256
2037
16189
4587
31948
5894
10524
30741
17779
5646
28911
7493
593
24797
25628
2725
25310
32707
14654
16395
27724
29605
20184
27679
26035
8971
5913
22435
20250
22032
29979
28598
9329
15237
1894
1932
1240
10356
22995
2032
8267
26882
29115
4085
27011
10459
17465
11692
18096
31102
22873
24236
12770
17072
16094
20024
19802
6885
2152
28904
25894
17578
12423
8903
16913
4827
26492
22911
31596
5844
32362
4836
28858
29662
27162
11987
10036
31812
25100
15126
16003
9023
32423
5
11916
514
19121
25615
4620
28774
31119
8962
24189
21590
2382
12775
9788
1401
26419
1099
21420
21246
15066
13646
28142
21000
22168
6366
20726
26269
20149
14311
30460
6425
26154
23868
28449
31926
4218
19725
17371
18046
20320
5419
30941
2332
10202
12604
18039
20837
23041
11243
27649
20158
14953
18522
1717
28794
9983
19737
9558
2278
13817
32646
13525
8667
32141
5522
9908
13779
19851
6570
22491
25324
5240
25372
16089
17201
22449
3412
24839
14898
27152
14651
32119
8153
28533
22902
642
32749
5009
5224
7890
8143
17560
7382
13512
28556
12892
1889
10507
30620
23351
10470
30938
2629
16162
2287
31811
10924
6612
14795
6219
22538
25510
21859
8508
13479
22873
29106
16522
7164
13569
29701
12702
2975
21503
473
22043
14006
19525
31638
27580
3142
13926
3564
29020
29752
24074
11904
29921
27254
8637
29437
23740
15660
25231
22945
9835
12650
27545
31572
15892
3205
15500
20556
2666
14661
19809
30105
20843
5338
23220
15368
4260
2940
20426
28254
8402
25421
7504
7184
18827
24109
11424
16228
24240
19499
18120
15853
11785
12337
8923
5944
26607
16247
14291
22057
4081
6861
13633
25144
14435
1789
27379
4369
32076
2133
10534
8990
25199
29900
16020
22577
21525
9011
7491
10957
21584
21298
29814
14492
12777
20527
2955
10747
13152
31983
30585
29709
23933
26989
17590
3234
23289
2028
10323
7644
31382
17083
6706
30438
27408
1555
26854
14275
11669
3922
2487
28225
32765
23424
18030
28278
32418
11607
19351
25977
3013
7574
32495
13107
20508
23102
23381
20513
24625
3244
22993
29828
12319
13451
17515
23792
11041
24018
30666
2253
22280
31108
12398
13466
29809
11341
29463
5979
23252
18212
8731
11994
2037
28921
9056
31894
21437
16540
4461
30910
32036
11696
9201
23259
21454
2147
29171
11326
410
22845
32650
10863
30394
21579
31580
31994
5711
1051
25323
17088
24259
6081
9082
4899
8380
4737
30331
11131
27961
7849
6761
10351
32705
28550
15471
11862
31424
6260
28959
14012
29582
4567
23600
17577
26655
7991
13544
4356
24164
17311
9005
4813
14509
6887
1533
1879
30363
30433
201
5541
32398
16241
28279
6872
19713
14593
20153
1836
20778
24542
21667
13441
9423
15793
17487
20671
15875
9234
2784
17716
22582
13436
2975
6646
29742
5941
10175
5733
20101
20325
5304
3763
22361
12035
29677
9944
16029
8921
23931
23823
26365
15767
21442
10554
22436
30912
719
30976
18819
27156
8687
19053
15653
5476
3976
12291
12510
14380
12520
31654
3991
13631
22856
13259
26307
7420
24850
4136
12953
15756
23102
30458
30431
8085
12675
23416
3555
6095
2825
6273
8064
13890
32566
16660
27151
16734
849
30547
21392
24175
10218
11067
3611
15365
27216
15505
23233
21899
5262
20328
9802
30967
16921
26631
9521
18284
4808
25377
21878
19488
5722
6086
26671
9379
30590
27387
22328
3372
28166
2179
26343
19733
3092
29999
6220
10912
15060
1079
31175
1670
16558
15590
28132
26167
27790
12743
2706
15775
10786
7247
10630
10293
17298
15119
25220
15511
3712
6149
22957
4877
5794
10847
24051
31063
28553
28937
28635
8329
19804
25852
9856
24196
21994
2645
903
16638
29788
26599
29901
19147
29821
14246
16627
7115
5993
17969
5289
21143
12886
18723
9706
23671
22885
26042
6410
1062
8741
29385
2495
4554
29091
3271
20732
27466
2496
21009
20186
32682
11063
12347
27386
30374
356
21082
9775
24412
13967
29580
10630
249
28527
18813
3727
31180
15808
14847
31316
12995
23730
14758
13479
30721
7816
11692
31554
15158
12862
19906
5700
17665
18376
13760
29921
31237
32608
10264
12203
28031
23858
1988
154
19879
22924
17857
2125
19924
2074
24904
14270
13280
32734
32176
27748
25903
31870
4705
19427
4875
22500
4096
2195
12700
7235
19626
11198
8538
23446
22161
19358
16706
2951
20651
27985
27288
20772
16683
32621
14120
29435
10618
30563
11373
28744
22085
27471
28014
6958
11428
15739
27347
19073
2338
29981
27233
32344
28341
27405
4659
5352
17288
22391
24014
10138
1497
7257
16256
2125
12173
26753
12383
20689
6507
25940
11472
31696
20684
12873
5920
21594
19595
26587
21430
32518
11123
21325
8504
7812
23578
12121
10392
18453
27208
29842
26594
5238
22378
30310
4763
4258
12593
31978
10506
8926
8928
17270
11200
4932
24883
25829
1025
23189
18600
31608
7800
4288
32257
31354
11612
2656
1429
9930
16528
25039
238
27388
16324
23733
873
8552
547
25917
31116
14709
19073
9442
8345
15057
26626
5293
21956
14828
16774
31525
13125
6995
29583
16318
13214
3491
523
4790
22084
5628
10892
24862
30582
20853
25130
1540
21379
4484
14091
2042
16026
12238
6052
4949
10147
25701
20905
1539
8412
17691
15037
27211
21200
30096
2922
21745
12615
24692
27779
20246
9122
981
2975
20310
9197
8646
14952
24852
28254
6425
9745
27275
32347
20805
883
25848
4641
29809
16532
29057
12704
17094
32002
22094
10754
1139
12220
834
20880
7218
10887
15457
25025
6961
8285
31615
20012
1916
133
25559
15684
6357
5997
647
23505
438
26809
32612
26810
21147
24064
31418
16241
31986
6137
4405
7213
21290
5213
15425
23899
21212
6399
3118
26236
4856
30966
6346
1852
914
5960
30658
8772
751
5948
26403
26938
9328
18398
28142
21292
6543
296
32382
28015
19526
30913
32300
6957
26000
7266
15138
1179
19336
15009
3304
27892
23258
4717
24594
19109
4355
642
30077
11634
11104
5345
28886
2369
3498
31252
9055
681
19981
8963
29450
8880
2943
19150
1007
7644
1372
8821
19554
32063
20405
31513
28153
29945
1365
11243
27430
18581
24192
6096
317
23264
8271
7706
17738
1562
6020
27532
11796
23031
24638
24886
16379
189
3413
13231
5517
17497
12294
15357
7970
14024
13336
9141
23734
11681
22175
7258
2432
18416
13247
16995
29521
7445
28325
6675
9498
20025
19851
11066
13816
5216
5903
6215
20459
17859
22782
2455
9876
13663
10523
6242
17600
25236
26425
26617
13370
27774
18812
31627
8591
14013
19705
24284
27700
19326
781
7166
25988
1678
23924
21314
22155
19286
12903
4412
31943
26007
3103
17854
10560
26863
10285
25074
12720
23126
5472
15426
6278
7369
14959
15944
19526
13834
17485
10043
28631
22367
20489
7705
2154
31648
13376
8834
31903
3124
221
5355
20133
21551
11474
9801
10933
29650
1083
9725
16037
3453
3127
14350
1134
26659
1823
26996
1864
13856
28982
32431
30577
32398
29648
20890
21760
17149
28354
28820
20161
27111
3106
25755
26169
25973
29292
21856
15008
18365
16364
18244
32498
20381
6386
27720
22366
20207
2869
23929
9462
1913
619
10489
12228
29867
21579
8354
27233
29034
10524
26213
26624
30285
28967
28941
20617
10398
6173
22413
19062
28249
18307
4107
20935
15985
5908
12413
4815
20259
26100
14066
19638
14625
24880
5003
9349
31516
7417
16778
26434
14159
30913
27031
18858
2421
11354
28565
21993
3488
6674
4469
12736
15363
15171
2507
6661
14165
16581
4818
18077
11411
31673
16526
18858
10449
16614
9885
23337
3017
32553
27531
22134
7127
31611
20924
29731
16657
17689
31822
8549
29891
21515
14832
12107
32685
23146
3810
2529
12936
19332
32501
25977
7247
9699
25367
20633
26762
8190
7505
11661
14351
26264
103
11853
22640
27671
30383
21184
27389
30128
25114
7992
23593
16389
23378
30750
5611
17225
4575
16322
14622
27003
13128
7940
927
26044
24249
15893
15008
15357
5553
5550
10995
17186
32179
6140
6817
26375
18506
2817
28686
5074
11207
30713
14932
7843
28750
3670
11521
12588
16333
3132
21452
27285
26190
16490
6846
3697
16684
28043
27238
10889
17226
2185
10581
21133
1658
19044
21296
4604
24253
19904
7023
25891
27074
26449
9497
2613
26719
21226
9404
17615
4829
21956
29885
15661
526
19763
730
15036
523
3240
4424
8435
31090
25095
29183
30888
7910
19996
25748
10464
31987
25783
16263
19214
7468
25862
16352
1220
15505
28598
16147
28021
32114
2885
26781
32675
29401
31842
19452
6639
5069
9535
5387
2063
10288
5389
11669
2548
3681
18859
4301
28416
6570
11718
21298
6146
15162
32681
5676
7841
13699
13059
15106
20988
11943
21025
11604
19709
19084
747
10582
14679
23048
20694
22253
10557
31126
11543
3336
8048
4107
11421
14059
29423
31278
28007
29014
7302
12441
26562
16751
21544
15808
16448
10158
9357
23305
25440
8730
8619
3845
3116
21174
3230
19394
280
6735
19793
2123
13682
2679
9018
2829
23992
5416
15925
18684
29866
29691
18814
29106
650
10832
27512
2985
18733
26493
7412
19182
1154
9713
27332
31890
26281
31082
22447
25797
7759
26683
410
18193
9934
24948
29315
14212
24035
5143
21072
784
11391
7563
28782
26816
20878
21282
26220
14198
3569
29676
26086
4708
1751
29133
18336
22091
22108
26865
11491
9307
3239
11532
6521
21395
19120
11528
4805
23565
24209
227
25236
20325
14057
25496
17782
31823
1149
18622
8633
25721
4692
8718
32136
20383
4865
23587
19196
15631
4205
28675
12800
1210
22599
12867
6114
1187
17002
5834
14723
16494
14597
15640
19928
22134
9429
7331
1057
31600
1189
24333
5099
28835
10475
13942
30106
29194
27041
26192
18411
14866
13454
6885
9481
20726
27575
25346
29576
4618
28608
5245
20207
19356
11697
1077
31613
10081
27732
11124
22255
11144
18151
22196
15770
19287
31315
13950
25513
3764
6989
4847
8514
5426
21447
18732
2027
26619
20707
22628
7057
6897
31211
6283
8903
19096
22231
1585
11763
29163
8363
19878
22087
3182
30125
8551
23751
23146
4782
2355
6793
2779
14830
4823
5708
22162
6547
27231
32464
5906
7778
15501
10150
1698
9808
31930
30564
1230
1268
32430
17337
4113
30205
24867
23430
5685
3107
25778
115
17607
25225
24524
24898
22990
12858
2074
19148
19175
22607
18387
13050
8386
30130
9510
24380
29830
2312
18612
28041
13854
11473
12015
5003
30640
25205
11790
13386
27678
867
23720
22735
30638
31837
21289
32195
25856
5129
3851
30538
3228
10841
12547
13064
21896
5851
19879
23559
22095
8941
3801
23214
5842
6727
13556
30524
2783
18152
17329
18614
22147
10859
14293
5860
20437
9847
14409
2208
24654
4869
32440
24349
9425
21651
15822
3656
22951
10584
13497
30006
9823
30938
27472
21666
2362
13742
14341
6446
2149
31762
5317
9946
13976
22753
29564
27784
21279
22796
14735
9261
26007
3514
31882
23727
4872
31428
24854
28393
17892
11980
2898
29124
4683
5921
10329
15915
18775
19792
3289
17998
15150
15174
6144
29634
15564
23648
116
27932
10309
10915
10895
8838
2038
23235
23760
16399
20401
20242
21306
14016
9
14720
14202
6443
506
5092
13950
24303
28486
26596
14406
13821
7882
18293
5366
19540
26539
27824
22466
7511
4706
21250
21950
23285
15404
21838
8659
28811
24072
19807
7271
27916
3287
29569
5381
6267
12299
16008
9751
5137
20734
29594
944
28475
24870
27259
27510
701
5144
13877
18320
21346
9620
21436
11123
19035
10964
25201
12459
10158
10121
8781
7241
8014
7511
6750
30947
16734
8488
16589
13906
1528
1120
26057
13855
13381
32607
22837
10040
8504
15016
28111
7983
20724
1570
30743
4710
28457
18382
30882
23193
1431
30506
21595
3270
5492
6577
9780
30588
27574
14802
14350
29797
21192
17951
24475
6803
29541
25935
12854
1479
1847
4062
12454
13097
18835
3273
25236
4713
23662
19479
5242
22242
8992
14893
5263
21619
25332
16127
15894
6549
10584
7135
848
16767
27132
1301
11720
15814
11640
31680
5121
22417
17017
15173
3763
9358
29673
24608
21665
29558
11423
7424
8608
15438
8286
9373
19665
25256
15642
3115
18644
26083
11262
15438
287
22280
18134
31955
8925
12893
28455
8507
10169
24994
2956
15216
14033
27538
8619
30303
3826
4170
7117
23096
15880
31547
17854
2028
5618
9636
2680
11648
15679
17539
16855
21764
3937
28735
4084
28126
8560
20328
13295
24069
23162
29548
7071
3319
13230
31188
22080
7244
22058
24929
24837
16749
16509
24347
6452
11438
31451
2953
31836
14412
23105
32280
4201
4818
12399
6661
29308
27702
6618
2972
3671
30722
9125
12850
25715
8618
23739
19242
5710
19962
12028
20289
31440
21240
9572
650
15562
10995
5038
31347
26160
9043
13684
27057
11845
27453
25771
10369
7924
583
12608
23480
14223
27708
8295
4179
8205
13015
5046
15936
32435
3587
15962
19531
28483
31727
23370
15565
2456
23583
13069
5987
8773
11678
8794
25667
20572
13758
23359
10367
26910
7023
24832
24027
6335
26814
8128
3531
11115
16299
6693
5759
20850
3014
4038
25498
10804
6889
2134
26799
31739
19410
28413
5569
17263
15868
19370
23177
26975
898
369
21486
6156
7066
28625
29871
17850
2112
20015
10541
8646
7893
14580
28152
30573
9654
23367
32469
14377
23353
15963
19546
28223
15751
27422
9589
30879
1600
390
13120
13498
18998
9073
31752
